NUM_KEYFRAMES 50
0 -0.00000000 0.00000000 1.00000000 -0.00000000 0.00000000 1.00000000 0.00000000 0.00000000 -1.00000000 0.00000000 -0.00000000 5.00000000 500.00000000 500.00000000 320.00000000 240.00000000
1 -0.12533323 0.00000000 0.99211470 -0.00000000 0.00000000 1.00000000 0.00000000 0.00000000 -0.99211470 0.00000000 -0.12533323 5.00000000 500.00000000 500.00000000 320.00000000 240.00000000
2 -0.24868989 0.00000000 0.96858316 -0.00000000 0.00000000 1.00000000 0.00000000 0.00000000 -0.96858316 0.00000000 -0.24868989 5.00000000 500.00000000 500.00000000 320.00000000 240.00000000
3 -0.36812455 0.00000000 0.92977649 -0.00000000 0.00000000 1.00000000 0.00000000 0.00000000 -0.92977649 0.00000000 -0.36812455 5.00000000 500.00000000 500.00000000 320.00000000 240.00000000
4 -0.48175367 0.00000000 0.87630668 -0.00000000 0.00000000 1.00000000 0.00000000 0.00000000 -0.87630668 0.00000000 -0.48175367 5.00000000 500.00000000 500.00000000 320.00000000 240.00000000
5 -0.58778525 0.00000000 0.80901699 0.00000000 0.00000000 1.00000000 0.00000000 0.00000000 -0.80901699 0.00000000 -0.58778525 5.00000000 500.00000000 500.00000000 320.00000000 240.00000000
6 -0.68454711 0.00000000 0.72896863 -0.00000000 0.00000000 1.00000000 0.00000000 0.00000000 -0.72896863 0.00000000 -0.68454711 5.00000000 500.00000000 500.00000000 320.00000000 240.00000000
7 -0.77051324 0.00000000 0.63742399 0.00000000 0.00000000 1.00000000 0.00000000 0.00000000 -0.63742399 0.00000000 -0.77051324 5.00000000 500.00000000 500.00000000 320.00000000 240.00000000
8 -0.84432793 0.00000000 0.53582679 -0.00000000 0.00000000 1.00000000 0.00000000 0.00000000 -0.53582679 0.00000000 -0.84432793 5.00000000 500.00000000 500.00000000 320.00000000 240.00000000
9 -0.90482705 0.00000000 0.42577929 -0.00000000 0.00000000 1.00000000 0.00000000 0.00000000 -0.42577929 0.00000000 -0.90482705 5.00000000 500.00000000 500.00000000 320.00000000 240.00000000
10 -0.95105652 0.00000000 0.30901699 -0.00000000 0.00000000 1.00000000 0.00000000 0.00000000 -0.30901699 0.00000000 -0.95105652 5.00000000 500.00000000 500.00000000 320.00000000 240.00000000
11 -0.98228725 0.00000000 0.18738131 -0.00000000 0.00000000 1.00000000 0.00000000 0.00000000 -0.18738131 0.00000000 -0.98228725 5.00000000 500.00000000 500.00000000 320.00000000 240.00000000
12 -0.99802673 0.00000000 0.06279052 0.00000000 0.00000000 1.00000000 0.00000000 0.00000000 -0.06279052 0.00000000 -0.99802673 5.00000000 500.00000000 500.00000000 320.00000000 240.00000000
13 -0.99802673 0.00000000 -0.06279052 -0.00000000 0.00000000 1.00000000 0.00000000 0.00000000 0.06279052 0.00000000 -0.99802673 5.00000000 500.00000000 500.00000000 320.00000000 240.00000000
14 -0.98228725 0.00000000 -0.18738131 -0.00000000 0.00000000 1.00000000 0.00000000 0.00000000 0.18738131 0.00000000 -0.98228725 5.00000000 500.00000000 500.00000000 320.00000000 240.00000000
15 -0.95105652 0.00000000 -0.30901699 0.00000000 0.00000000 1.00000000 0.00000000 0.00000000 0.30901699 0.00000000 -0.95105652 5.00000000 500.00000000 500.00000000 320.00000000 240.00000000
16 -0.90482705 0.00000000 -0.42577929 -0.00000000 0.00000000 1.00000000 0.00000000 0.00000000 0.42577929 0.00000000 -0.90482705 5.00000000 500.00000000 500.00000000 320.00000000 240.00000000
17 -0.84432793 0.00000000 -0.53582679 -0.00000000 0.00000000 1.00000000 0.00000000 0.00000000 0.53582679 0.00000000 -0.84432793 5.00000000 500.00000000 500.00000000 320.00000000 240.00000000
18 -0.77051324 0.00000000 -0.63742399 -0.00000000 0.00000000 1.00000000 0.00000000 0.00000000 0.63742399 0.00000000 -0.77051324 5.00000000 500.00000000 500.00000000 320.00000000 240.00000000
19 -0.68454711 0.00000000 -0.72896863 -0.00000000 0.00000000 1.00000000 0.00000000 0.00000000 0.72896863 0.00000000 -0.68454711 5.00000000 500.00000000 500.00000000 320.00000000 240.00000000
20 -0.58778525 0.00000000 -0.80901699 -0.00000000 0.00000000 1.00000000 0.00000000 0.00000000 0.80901699 0.00000000 -0.58778525 5.00000000 500.00000000 500.00000000 320.00000000 240.00000000
21 -0.48175367 0.00000000 -0.87630668 0.00000000 0.00000000 1.00000000 0.00000000 0.00000000 0.87630668 0.00000000 -0.48175367 5.00000000 500.00000000 500.00000000 320.00000000 240.00000000
22 -0.36812455 0.00000000 -0.92977649 0.00000000 0.00000000 1.00000000 0.00000000 0.00000000 0.92977649 0.00000000 -0.36812455 5.00000000 500.00000000 500.00000000 320.00000000 240.00000000
23 -0.24868989 0.00000000 -0.96858316 -0.00000000 0.00000000 1.00000000 0.00000000 0.00000000 0.96858316 0.00000000 -0.24868989 5.00000000 500.00000000 500.00000000 320.00000000 240.00000000
24 -0.12533323 0.00000000 -0.99211470 -0.00000000 0.00000000 1.00000000 0.00000000 0.00000000 0.99211470 0.00000000 -0.12533323 5.00000000 500.00000000 500.00000000 320.00000000 240.00000000
25 -0.00000000 0.00000000 -1.00000000 -0.00000000 0.00000000 1.00000000 0.00000000 0.00000000 1.00000000 0.00000000 -0.00000000 5.00000000 500.00000000 500.00000000 320.00000000 240.00000000
26 0.12533323 0.00000000 -0.99211470 -0.00000000 -0.00000000 1.00000000 0.00000000 0.00000000 0.99211470 0.00000000 0.12533323 5.00000000 500.00000000 500.00000000 320.00000000 240.00000000
27 0.24868989 0.00000000 -0.96858316 -0.00000000 -0.00000000 1.00000000 0.00000000 0.00000000 0.96858316 0.00000000 0.24868989 5.00000000 500.00000000 500.00000000 320.00000000 240.00000000
28 0.36812455 0.00000000 -0.92977649 -0.00000000 -0.00000000 1.00000000 0.00000000 0.00000000 0.92977649 0.00000000 0.36812455 5.00000000 500.00000000 500.00000000 320.00000000 240.00000000
29 0.48175367 0.00000000 -0.87630668 0.00000000 -0.00000000 1.00000000 0.00000000 0.00000000 0.87630668 0.00000000 0.48175367 5.00000000 500.00000000 500.00000000 320.00000000 240.00000000
30 0.58778525 0.00000000 -0.80901699 -0.00000000 -0.00000000 1.00000000 0.00000000 0.00000000 0.80901699 0.00000000 0.58778525 5.00000000 500.00000000 500.00000000 320.00000000 240.00000000
31 0.68454711 0.00000000 -0.72896863 -0.00000000 -0.00000000 1.00000000 0.00000000 0.00000000 0.72896863 0.00000000 0.68454711 5.00000000 500.00000000 500.00000000 320.00000000 240.00000000
32 0.77051324 0.00000000 -0.63742399 -0.00000000 -0.00000000 1.00000000 0.00000000 0.00000000 0.63742399 0.00000000 0.77051324 5.00000000 500.00000000 500.00000000 320.00000000 240.00000000
33 0.84432793 0.00000000 -0.53582679 -0.00000000 -0.00000000 1.00000000 0.00000000 0.00000000 0.53582679 0.00000000 0.84432793 5.00000000 500.00000000 500.00000000 320.00000000 240.00000000
34 0.90482705 0.00000000 -0.42577929 -0.00000000 -0.00000000 1.00000000 0.00000000 0.00000000 0.42577929 0.00000000 0.90482705 5.00000000 500.00000000 500.00000000 320.00000000 240.00000000
35 0.95105652 0.00000000 -0.30901699 -0.00000000 -0.00000000 1.00000000 0.00000000 0.00000000 0.30901699 0.00000000 0.95105652 5.00000000 500.00000000 500.00000000 320.00000000 240.00000000
36 0.98228725 0.00000000 -0.18738131 -0.00000000 -0.00000000 1.00000000 0.00000000 0.00000000 0.18738131 0.00000000 0.98228725 5.00000000 500.00000000 500.00000000 320.00000000 240.00000000
37 0.99802673 0.00000000 -0.06279052 0.00000000 -0.00000000 1.00000000 0.00000000 0.00000000 0.06279052 0.00000000 0.99802673 5.00000000 500.00000000 500.00000000 320.00000000 240.00000000
38 0.99802673 0.00000000 0.06279052 -0.00000000 0.00000000 1.00000000 -0.00000000 0.00000000 -0.06279052 0.00000000 0.99802673 5.00000000 500.00000000 500.00000000 320.00000000 240.00000000
39 0.98228725 0.00000000 0.18738131 -0.00000000 0.00000000 1.00000000 -0.00000000 0.00000000 -0.18738131 0.00000000 0.98228725 5.00000000 500.00000000 500.00000000 320.00000000 240.00000000
40 0.95105652 0.00000000 0.30901699 -0.00000000 0.00000000 1.00000000 -0.00000000 0.00000000 -0.30901699 0.00000000 0.95105652 5.00000000 500.00000000 500.00000000 320.00000000 240.00000000
41 0.90482705 0.00000000 0.42577929 -0.00000000 0.00000000 1.00000000 -0.00000000 0.00000000 -0.42577929 0.00000000 0.90482705 5.00000000 500.00000000 500.00000000 320.00000000 240.00000000
42 0.84432793 0.00000000 0.53582679 -0.00000000 0.00000000 1.00000000 -0.00000000 0.00000000 -0.53582679 0.00000000 0.84432793 5.00000000 500.00000000 500.00000000 320.00000000 240.00000000
43 0.77051324 0.00000000 0.63742399 -0.00000000 0.00000000 1.00000000 -0.00000000 0.00000000 -0.63742399 0.00000000 0.77051324 5.00000000 500.00000000 500.00000000 320.00000000 240.00000000
44 0.68454711 0.00000000 0.72896863 -0.00000000 0.00000000 1.00000000 -0.00000000 0.00000000 -0.72896863 0.00000000 0.68454711 5.00000000 500.00000000 500.00000000 320.00000000 240.00000000
45 0.58778525 0.00000000 0.80901699 -0.00000000 0.00000000 1.00000000 -0.00000000 0.00000000 -0.80901699 0.00000000 0.58778525 5.00000000 500.00000000 500.00000000 320.00000000 240.00000000
46 0.48175367 0.00000000 0.87630668 -0.00000000 0.00000000 1.00000000 -0.00000000 0.00000000 -0.87630668 0.00000000 0.48175367 5.00000000 500.00000000 500.00000000 320.00000000 240.00000000
47 0.36812455 0.00000000 0.92977649 -0.00000000 0.00000000 1.00000000 -0.00000000 0.00000000 -0.92977649 0.00000000 0.36812455 5.00000000 500.00000000 500.00000000 320.00000000 240.00000000
48 0.24868989 0.00000000 0.96858316 -0.00000000 0.00000000 1.00000000 -0.00000000 0.00000000 -0.96858316 0.00000000 0.24868989 5.00000000 500.00000000 500.00000000 320.00000000 240.00000000
49 0.12533323 0.00000000 0.99211470 -0.00000000 0.00000000 1.00000000 -0.00000000 0.00000000 -0.99211470 0.00000000 0.12533323 5.00000000 500.00000000 500.00000000 320.00000000 240.00000000
NUM_MAPPOINTS 2000
0 1.77925791 -1.26626085 1.67814599
1 0.58110097 -0.21666897 -2.40015048
2 -0.24450667 -0.66516555 -2.14279911
3 0.90533084 -1.77435369 1.33199263
4 2.63131629 -1.99688494 2.95326939
5 0.70488904 0.44661265 -2.95760215
6 -2.86162543 0.09909865 -0.60083413
7 -2.72000599 1.89502209 -1.60337196
8 -2.45636139 0.47354406 -0.70522806
9 2.89938532 -0.13294841 2.15964242
10 1.08184523 -0.19800299 -2.92041025
11 2.65321053 0.25315286 -0.68750096
12 -2.90420246 -1.07642472 -1.55384718
13 1.09958115 0.43998663 1.99916948
14 -1.95981212 -0.43575756 -1.90658348
15 1.53216845 -0.29937649 -1.75235002
16 0.40620196 -1.87474683 2.05370864
17 -0.30147523 -0.41939907 2.55995317
18 1.36363198 -0.69383691 0.42266386
19 0.12500560 1.84468811 2.06720310
20 1.48392067 0.15876852 0.52050701
21 2.79153187 0.42813700 -1.34400490
22 -1.22235896 -1.33893223 -2.90618157
23 -0.45959114 -0.42047393 -1.23907094
24 -2.91552106 -1.20463039 1.26805169
25 1.74105321 0.42383992 2.55780527
26 0.90646218 1.65983870 2.10023145
27 -0.30329595 -1.61835954 -0.77509047
28 1.01304754 0.66368941 0.54778671
29 -1.35166925 0.24497369 -0.70243875
30 2.83027256 1.39565528 1.33037711
31 -1.58409048 -0.97572671 -2.75739845
32 1.26397734 -1.55643669 -0.36398096
33 -1.78968476 1.58305439 -0.14777865
34 0.37965345 0.78206432 -2.16401128
35 0.62650427 0.15936436 -1.78163262
36 2.65712144 0.39546186 1.16870962
37 2.28280703 0.49741618 -1.22619787
38 -2.36703445 -0.17386172 -1.68935737
39 -0.50094033 1.53312105 -1.05392987
40 -2.26747228 -0.57480863 2.44097069
41 -1.36720651 0.59076049 -2.99687774
42 -0.88458688 -0.78087496 -2.01206490
43 0.20453653 -0.06068009 1.15461619
44 -1.38352600 -1.02349792 -1.99025372
45 -1.68741466 0.23240801 -0.57698296
46 -2.61064652 -0.98433835 -1.51874362
47 1.17782562 0.84908235 -2.11147843
48 2.98644294 -0.93287594 2.85968971
49 -0.53377788 -1.86779706 -0.92957251
50 0.80610806 0.72282183 0.18560751
51 -0.31330102 0.21157235 0.55618034
52 -2.51488004 -0.52138216 -1.54704038
53 1.81883853 -0.11879748 2.90053882
54 -0.60705334 1.26572752 1.79007073
55 -2.09569474 0.03279513 1.17487686
56 2.15015281 -0.69616437 -1.67855371
57 1.26689721 1.23800421 -0.90800408
58 -2.42294069 1.76209304 -0.61456788
59 0.10650807 1.35084043 1.05414070
60 1.41129674 -1.16371353 0.24868785
61 1.17470640 -1.08579993 -1.95027045
62 2.89301006 0.06654357 -1.43502494
63 2.97752219 1.86167741 0.34976069
64 2.29581808 -1.24517156 -1.32677189
65 1.20214697 1.38664456 2.13794574
66 -0.57295124 1.55108038 2.10557072
67 2.61380998 1.14136258 1.01392951
68 0.48411977 -0.51086892 2.64080066
69 2.84198305 -0.86431609 -1.16781684
70 -0.08631751 -0.20630344 2.96674481
71 -1.94444851 -1.92769855 -0.03663770
72 -1.92706376 -0.53412486 1.46502311
73 1.32563952 -0.76775682 0.25524140
74 0.05288448 0.54533048 -1.49722907
75 0.53922508 1.91557143 -0.07954710
76 2.43659271 -0.26242254 -0.89952955
77 0.87062015 0.67569624 2.18500538
78 -1.61888838 -0.00322647 0.43202520
79 1.61132410 -1.82558489 2.96730304
80 -0.18033292 -0.88175865 2.30096413
81 1.48631268 1.81228736 -1.01549815
82 0.31658978 0.28916988 2.88198950
83 -2.54792245 -0.77721191 -1.85453381
84 -1.38915087 -0.05888051 -0.76387880
85 -0.63185123 1.37685256 2.58010099
86 -2.57750320 -1.16432513 1.02686108
87 -0.84811929 -0.98334539 -1.22825650
88 -1.06469541 1.39467917 -2.18027203
89 1.25346600 0.21127990 -1.22093916
90 -0.48131486 -0.97517223 0.66908226
91 -2.51043490 -1.97926056 0.76736646
92 -1.83435628 -1.71623635 -0.61929705
93 -2.69538883 1.54646860 -2.83429937
94 0.47318937 -0.24610350 1.03215685
95 -1.03108399 -1.37983353 2.89104536
96 2.03360102 1.44161850 -1.49849182
97 -2.76699162 -0.78693794 0.22249457
98 -1.04009257 1.31147600 -1.37074248
99 2.79151097 -0.17093935 2.05213845
100 -1.83371978 -0.35458437 1.19707324
101 -2.16988147 -1.46901833 2.81722120
102 1.28757062 -1.83572994 -0.60707457
103 -0.39887557 0.97617059 -1.49483680
104 -1.89399796 -1.67650813 -0.43011314
105 1.13099940 -1.76722562 2.49128239
106 -0.34588661 -1.04085055 -2.43676026
107 -1.90280401 1.73845599 0.82962352
108 0.10017755 0.62844533 -0.38596263
109 1.38023592 -1.80913549 0.39622328
110 -2.04812132 -1.51934139 -0.94872197
111 -2.44920557 -1.62337204 -1.13152014
112 2.87706318 -1.29867893 -2.89703337
113 1.58018655 1.22765191 -0.92217408
114 -0.21195710 0.59909472 -2.71164645
115 2.69487439 1.54672155 -1.43463825
116 -2.90817277 1.73374523 0.00623931
117 0.23626469 0.73585508 0.69510700
118 2.66334962 1.77700639 2.20319361
119 0.81842159 1.20379718 1.06301005
120 0.44020222 -1.48599860 1.86722508
121 1.92383683 0.50375868 1.92256102
122 0.90890860 -1.17326256 -1.35623320
123 -1.71246527 -0.49096366 -2.76622117
124 0.70952330 -0.65378312 0.93433583
125 -0.68762027 0.72645468 -0.95625258
126 -1.43583282 -0.01585018 1.15734216
127 -0.90998038 1.74659259 -2.76488204
128 -0.49232381 1.87032222 0.28783130
129 -0.45917437 0.27408113 0.45554741
130 1.38988652 -1.48924109 -1.49990132
131 0.48326410 1.46846642 0.37120016
132 -1.56841884 0.71937912 1.43945256
133 -1.57058309 -0.48908446 0.20596484
134 -0.02063287 -0.44152764 -1.21418898
135 -2.40009067 -1.78605881 2.75124898
136 2.08285889 -0.58037924 2.74080531
137 1.06061943 -0.06991620 -0.04184605
138 -2.50029353 -1.63318342 0.61464556
139 0.32221831 -1.14908842 2.67716725
140 1.68777629 -1.54614159 2.58557464
141 2.84548928 1.98372496 -2.66477306
142 1.42221330 0.18366310 1.23498891
143 2.81191168 0.75212003 2.02178325
144 2.20121225 1.35392306 -0.44345116
145 -1.66454149 -0.41339361 2.35138146
146 -2.12037107 0.05330470 -1.60063160
147 0.48783250 1.45255409 2.28215981
148 -1.57988886 1.63077480 0.55133242
149 -0.89869053 0.83272481 -0.10999808
150 -0.73207447 0.82033745 -1.50765510
151 -1.01848480 -0.26219261 -1.47790694
152 -0.56878748 0.28589213 1.44584319
153 1.60316912 1.29116142 1.46526992
154 1.08623654 -1.04997412 -0.59866262
155 -0.13371063 -1.66843472 0.17022072
156 -0.38198503 1.20843702 2.86740399
157 0.33603025 -0.70925446 -2.73959530
158 2.54785997 1.67646288 -1.48205901
159 1.17246672 -1.69826180 -2.00270742
160 -1.69914537 -0.82202421 2.97498822
161 1.18155034 -0.46319270 1.42260427
162 2.49152605 1.83480961 -2.65281663
163 -0.63286922 -1.57297573 -0.98603959
164 -1.98192055 0.58739344 -0.67038970
165 -1.62363151 -0.93624828 -0.83792947
166 -1.44030086 -0.18703661 -2.80610427
167 -1.32141896 -0.35517312 0.61669128
168 -1.37425413 -1.46725951 -2.54279776
169 2.64319093 -0.33344377 0.48697571
170 2.51505933 -1.66900634 2.25996892
171 0.30952727 -1.34066295 -0.53246929
172 1.66561370 -0.07851969 2.91171632
173 -0.73956619 0.99831321 -0.64206332
174 1.97498532 0.27632587 -2.61892904
175 -2.77906880 -1.46459150 -2.91796819
176 -2.54784565 0.76685759 0.20607761
177 1.49946446 1.65266300 0.51089719
178 1.35672505 1.02832479 -0.73289669
179 -1.55349100 -1.17981868 -1.49134541
180 -1.35160923 -1.17108941 2.26932398
181 1.54199478 -1.81241414 -1.38796507
182 -2.86689157 -0.00733925 -0.14273582
183 1.98822892 -0.76889105 1.89831439
184 2.80784258 -1.64636711 1.75090706
185 0.53973540 -0.07981610 -0.47678533
186 1.70800956 0.55744542 1.83026801
187 2.41890635 0.46905488 2.88277634
188 0.64852710 0.54657729 0.32889365
189 -2.45398747 0.90558812 0.28467785
190 -0.29453735 1.64188512 -1.21224328
191 0.14161363 0.79056747 1.77883069
192 -0.24391918 1.36836566 1.61350646
193 -2.60258413 -1.81655496 0.72483409
194 -0.91551956 -1.16347683 0.47789961
195 -0.95062073 0.14905368 -0.23928502
196 0.50859665 -0.39879804 1.18600543
197 -1.91959637 0.78600586 -0.53003272
198 2.24590565 0.06094422 2.83866213
199 0.61161240 -1.10460372 1.93074384
200 -0.92950422 -0.60952314 -2.80917189
201 0.29229186 0.13769401 -0.86405109
202 2.36530358 -1.48500641 -1.01940292
203 -1.07050338 -1.63083766 -0.11312764
204 1.12670833 0.04662805 -2.05813393
205 -0.73628419 -1.98961990 2.20980661
206 -2.49289798 0.38911233 2.91754199
207 0.21954388 1.69616704 -1.58330081
208 1.55973248 0.12506301 1.32309634
209 -2.62595179 -1.40904362 -2.20129843
210 1.12299300 1.37776270 1.49769738
211 -2.81716705 1.46885993 -0.87511999
212 -0.61701699 -1.58052331 1.42443125
213 -1.90629669 0.25586036 2.04425993
214 -2.46477401 0.14134228 -1.60070154
215 -0.94243882 -0.10412023 -0.86937420
216 0.89293703 -0.08167158 0.50519689
217 1.42093486 0.23096906 0.51921260
218 0.38675127 -0.48490950 -0.97531901
219 2.39788438 0.43022090 -1.53388105
220 -0.01051382 -0.67860609 2.60215097
221 -2.95479380 -1.09866879 -0.80785909
222 -0.07314118 1.40327009 -2.47267422
223 1.83518935 -1.77738605 2.05388422
224 -2.69018715 -1.92703006 1.18176874
225 2.98353324 1.58644104 0.45599049
226 2.50437366 -1.97879998 2.85040300
227 -0.05550729 0.89158437 1.92516884
228 1.31074360 0.14014692 -0.14028307
229 2.03149533 -1.17968976 2.80796442
230 1.26571486 -1.20197229 1.41748312
231 0.17904015 0.82892036 1.60667701
232 -2.47625894 0.02441585 2.59208607
233 -1.07614685 0.37553239 -0.78461712
234 -0.27439214 0.19441247 0.29353185
235 -1.78961724 0.73828617 -2.47279132
236 -2.16705135 -1.98915642 -2.29982363
237 -0.16100279 0.42440752 1.76573669
238 -2.35980450 1.40290982 1.47584715
239 -0.54889022 1.73175227 2.94557683
240 -1.76998915 -0.48308566 2.55869651
241 1.32957932 -1.80762142 1.68908692
242 1.96764530 1.00200770 1.79722282
243 1.95079606 -1.25438007 -1.58584953
244 0.80255138 1.63146454 -1.10282051
245 0.52984005 0.73192825 -0.28830840
246 1.28269472 1.59866980 0.74460929
247 0.23868634 -0.24502128 0.46491762
248 -0.86782531 -0.43407156 0.19114486
249 -2.60028534 -1.08389845 0.25709587
250 -0.41083118 -0.66873687 1.38329483
251 1.16230565 -1.33307697 2.27177469
252 -0.02745826 0.96584365 0.43890510
253 2.98615573 1.00961249 1.24188280
254 1.67143164 -1.42748806 -1.77273246
255 1.28438446 -0.02407407 1.52781175
256 -2.38250382 0.14592541 -0.72707062
257 -0.25799867 0.41583149 0.01373007
258 0.23916383 -0.05457005 -0.54626897
259 1.63129187 -1.95118770 0.59065620
260 0.39305006 0.86471632 0.59417621
261 1.96079299 1.83629918 -0.94485447
262 -1.63589411 -0.30561254 -1.27242231
263 0.68970159 1.64740964 -2.16530285
264 -2.39523238 -0.97593787 1.35657349
265 0.55777741 -1.59114935 2.51250312
266 1.74050779 -1.90790960 0.90820330
267 1.62748001 -0.50225851 -2.58647077
268 -2.53607361 -1.58301215 2.04263776
269 2.46411718 -1.50875688 -1.58456383
270 -2.00687694 -1.25471648 2.02494472
271 -1.00712156 -0.75422294 -1.63562628
272 0.64736637 -0.48277719 1.46549792
273 -1.76652117 1.15115958 0.62232921
274 -2.31439621 -0.34198166 2.18110884
275 2.53776138 -0.13719952 -0.11497813
276 2.51072837 0.34827292 -2.80291996
277 2.47649681 -1.00709421 0.46579174
278 -2.00692009 -1.86448337 -1.13116099
279 1.68297426 -0.88965132 -1.67941668
280 -1.72391530 0.06069474 2.85324787
281 -0.24606607 0.22922148 2.16379213
282 0.21041831 -1.26214852 -1.20242455
283 -1.14037840 -0.41072753 -0.43926655
284 1.79869212 -0.60245198 -0.19060900
285 0.74985594 -0.48909620 2.01938888
286 0.52472165 -0.82382131 1.28435520
287 0.16588638 0.13782357 -0.11347230
288 -0.01792829 1.06142514 -2.38211113
289 -0.99382316 -1.69798655 1.51947731
290 -1.36618887 1.58972164 0.15947078
291 1.80449863 1.91572576 2.03873317
292 2.20196254 -0.36806201 0.31033560
293 -1.47666862 -1.21554760 0.03304732
294 0.57029388 -0.64291502 0.41666111
295 2.32476289 0.22688636 1.32487858
296 1.83188980 1.95491513 0.61918442
297 1.84110088 1.85059728 2.66645835
298 -2.15350889 -0.37443076 -1.05605964
299 -2.47844989 0.53296311 1.41542767
300 2.08876860 -1.50889243 2.25866445
301 0.85755340 0.81578453 2.46374399
302 0.74856762 -0.65653657 1.95064401
303 -0.82164475 -1.86308754 1.98392704
304 -0.92884714 1.09533811 -0.82345264
305 2.16640814 -1.12195793 2.84728359
306 1.67855266 -1.54304831 0.39465974
307 2.91220387 -0.11573819 -1.90735714
308 -0.09132977 0.04983063 1.45012165
309 1.19307509 -0.38979981 -1.69186135
310 0.87032500 -0.31318428 -2.20634272
311 2.40343384 0.76488742 1.09910314
312 1.93550322 0.11864674 1.89032656
313 -0.01145548 -1.73129842 -0.56851149
314 -0.01521067 0.88081033 -2.36052759
315 -2.15988874 -0.94526479 -1.40100964
316 1.39310748 -0.99707737 0.79858837
317 -0.03435688 0.29317749 2.02864178
318 -0.57371098 1.08364552 -0.46778363
319 -0.87677175 1.83450871 -1.89377448
320 -2.45797824 1.08394371 -2.59050175
321 2.02247395 -0.25122642 2.49308204
322 1.32919719 0.44161866 2.69584079
323 -0.62010376 1.81634774 -2.18999234
324 -0.09747032 -0.92035509 0.23905668
325 -2.02791673 1.36611866 2.07844710
326 2.73141789 -1.38131144 0.73999528
327 -0.15457615 -0.62246507 -0.89075906
328 -0.52323872 0.81970220 0.58971634
329 -0.24191090 -1.69626638 -2.53340795
330 -2.98596367 1.87079756 -2.96847711
331 -2.38143752 -0.74161377 1.84458151
332 2.77259273 1.16005422 1.14336141
333 0.12780402 -1.65317916 2.74902474
334 1.55035448 0.55579755 1.55421507
335 1.34461995 0.54892631 2.88346080
336 2.42018288 0.58665968 1.15905126
337 -2.69042519 0.67966988 -2.73500736
338 0.52958252 1.99741401 0.33483950
339 -0.16073930 -0.74858057 -2.27686454
340 1.38614202 -1.22960390 -2.30830790
341 -0.46942405 1.18136736 1.47038729
342 -2.67070432 -0.17942527 0.13460746
343 0.86727991 0.60066940 -0.81181648
344 0.36406317 -0.07575246 2.30999011
345 0.18159080 -0.23587135 -0.57308727
346 0.43456655 1.21590792 0.23040891
347 0.96993107 0.95142306 0.12100862
348 -0.43909767 1.50666152 -0.49496350
349 -0.22834293 1.96136525 -2.99857486
350 -1.88716255 -0.46414445 2.59553947
351 -2.57982177 -1.96205826 -2.68389698
352 -2.46873953 -1.84961289 -0.12131205
353 0.48454323 -0.91325213 -0.61027570
354 -2.44980397 -0.65451813 0.13511514
355 1.39363083 -1.98661454 -0.19613540
356 -1.21798272 1.41128729 1.29331991
357 0.53465121 -0.89093740 2.46203460
358 -2.72939593 -1.56212960 -0.65021915
359 -2.25337466 1.82566279 1.78793590
360 -1.44610409 0.35421693 2.89398306
361 2.30519387 0.40319379 2.42234382
362 2.93510945 0.97341127 -2.61008155
363 -0.59051861 1.35130295 -1.61658482
364 1.98385511 -1.51864495 -2.71832785
365 -0.69545631 -1.85307225 2.74362158
366 1.95723419 1.20307875 0.77866752
367 -1.70205587 0.07304145 0.58364442
368 0.15018902 -0.95906652 0.09148752
369 -0.05288196 1.98534311 2.38461685
370 -0.21971552 0.49174954 1.48722964
371 -2.79080903 1.57968575 2.16076090
372 -0.25540744 -0.43532092 -1.36224372
373 -0.13993903 -1.82249337 2.11316116
374 -2.78746581 -0.68379454 2.58953694
375 1.41127594 -0.87443617 -1.48410541
376 -2.96950717 0.78285717 -2.70729851
377 0.19561514 1.84848789 -2.34318685
378 2.36687962 1.96590133 -2.63089784
379 2.29743761 0.06431609 2.43908231
380 0.42791364 0.64844803 0.26267343
381 2.18695729 0.93563965 0.12756187
382 2.20896482 -1.01885787 -2.05595604
383 -2.03759938 -0.66396450 -1.56785983
384 2.58054210 -1.57666364 1.19394443
385 -1.86467073 1.52654851 2.76789171
386 -0.20717991 1.51628592 -2.96912897
387 1.91968153 -1.08549936 2.45220786
388 -2.99327934 0.22472692 1.53981482
389 -1.44787000 -1.22746855 -2.49541066
390 -1.04139855 0.23937724 -2.30493686
391 -0.73982785 -1.96371037 1.91207651
392 -2.22930767 -0.86662821 -2.88943370
393 -0.40655533 1.36048600 -0.64709272
394 -1.92301608 1.01479534 1.73284188
395 -1.95747915 1.08341644 2.68378732
396 -2.00173447 1.08393718 1.25143202
397 -0.15855665 -1.76831816 -2.55183346
398 2.11448794 1.96059347 1.05631352
399 -0.32425017 0.59029459 0.56637515
400 -0.69832642 -1.73749540 1.92907767
401 -0.76899883 1.27514258 -1.48494752
402 -2.99382311 -1.36424687 -0.18876354
403 2.66582180 -1.59122553 2.12525865
404 0.16214456 1.30368307 -1.20975341
405 2.03968303 1.09129111 -1.61967790
406 -2.21198924 1.47221726 2.77941996
407 -2.81218610 0.92508027 2.45714707
408 2.14416053 1.85808190 1.56056448
409 -0.34620746 -0.75219203 -1.07554356
410 1.34653603 0.98334804 -1.79784514
411 2.20873687 0.85969617 0.37650170
412 -0.17080524 0.17293122 -2.04452554
413 -1.77779251 -1.63534203 -2.07805179
414 -0.27783819 0.12141757 -2.89282866
415 1.78078700 -0.82332810 2.47101620
416 2.80506759 -1.25816451 -0.22741626
417 -2.99260895 0.39330906 0.64383870
418 -1.51476026 0.23365069 -1.64675915
419 -2.03504715 0.60607787 -1.04444720
420 0.54158360 -0.26701301 2.90610847
421 -2.10251612 -0.14160560 1.08273978
422 -0.62672949 1.89879940 1.33132576
423 0.94190313 1.02823707 2.71589183
424 2.44691193 0.89714123 1.49496986
425 -2.12446756 -1.58883040 0.42542702
426 -2.88979418 -0.07057447 -1.73790251
427 -0.92390062 1.10321895 2.64742503
428 -2.56550239 0.13696882 2.29520091
429 -2.50494875 1.29805620 -0.85319188
430 -1.06743178 1.90986553 -1.79484546
431 1.15916365 1.28576292 -2.75289902
432 1.02231276 1.80619989 -2.25468019
433 2.37732785 0.37910653 0.69962750
434 0.67766507 -0.80465647 2.61121087
435 2.68410275 0.50121864 1.70053637
436 0.67354790 -0.06240618 0.96492068
437 0.31800871 0.38990343 1.70299533
438 -0.11457700 -1.83698356 -2.01600311
439 -0.36835669 0.89930625 0.55967189
440 0.90176512 -0.08288429 0.69445215
441 -1.02589539 -0.11926963 1.46567440
442 2.23099668 -0.26537866 -2.73803003
443 -2.02996474 -1.91655546 0.91957813
444 -1.00611229 0.16991454 -0.04033891
445 -2.51084103 -0.38695456 -1.67663321
446 -0.48960124 -1.18568687 2.04271443
447 -1.95484000 1.84312220 -0.50455580
448 2.07747177 0.51505927 1.41210181
449 1.60634333 0.01937955 0.25980313
450 0.08397521 0.35223351 -2.82363332
451 -0.62690900 0.42475483 0.58634137
452 1.75773655 0.62003735 2.95279990
453 -1.29687283 -0.56339586 -0.69691711
454 -0.20512316 1.34399225 -1.58524744
455 1.65600125 -0.37875929 0.61113234
456 0.79524320 -0.50860547 0.07569123
457 -0.52181298 -1.72346886 -0.37700767
458 -2.41563965 -0.37991679 0.55751039
459 0.47648939 0.65048512 -2.42843095
460 0.91273948 -0.75140778 -0.60572430
461 2.14791750 -1.96387839 0.53047577
462 0.59228389 -0.41336092 -1.57783285
463 -1.59195574 1.53483869 -0.34785374
464 -1.01466382 -0.20488969 1.01634239
465 -2.12546060 -0.20226466 0.52730621
466 2.69150011 -0.98988885 -0.84449549
467 -0.72384842 0.42215262 -0.85960769
468 0.20107155 1.12716131 1.23231356
469 -0.32178811 1.45686470 0.34884150
470 0.23943507 -1.86324893 2.92015790
471 -2.26217516 -1.07547637 -2.68981894
472 0.84001780 -1.10119530 -1.91993741
473 -2.46866647 -1.58676419 0.50802423
474 1.12924720 -0.41048406 -0.12061753
475 1.11580645 -1.93048084 -1.06121605
476 2.83858649 0.32044891 -1.47465251
477 0.13038027 -0.62938605 0.19346993
478 -2.24555090 -1.46914137 -2.13874583
479 2.63891877 0.93159568 -2.02570866
480 -1.86990547 0.92331790 -2.06301691
481 -1.59263227 1.85338734 -1.46816086
482 0.96979407 1.91452514 -0.75421941
483 -2.89490404 -1.02341084 1.98526314
484 2.18765301 1.07407747 -2.32134109
485 1.77306223 1.67471117 0.60365725
486 2.64525215 1.30735554 1.00182909
487 0.46311143 -0.60570532 -2.04427537
488 0.62972358 -0.72755379 2.19863199
489 2.96002162 1.00971104 -2.45710982
490 -1.26788642 -1.56356149 0.90306987
491 1.59114518 1.70269931 -0.37096593
492 2.40825387 1.51156462 -1.09682569
493 2.21340373 -0.49731100 -1.21878434
494 0.89444796 -0.68647508 0.78125247
495 0.65899085 0.25375570 -0.71748177
496 0.29099835 0.38594189 0.27412136
497 -0.33348329 -1.94133177 0.52237023
498 -1.98933371 0.57030387 1.55606595
499 0.00267185 0.16945465 2.70887135
500 2.08300415 1.65694609 1.88259775
501 -2.34648993 -1.40403258 0.15974278
502 -1.52358205 -0.09321811 -0.63380808
503 0.29648543 0.98750286 1.29294542
504 0.12740481 1.28957369 -0.41482744
505 2.38028573 -1.71487893 2.72796019
506 0.92815845 -0.47970195 -1.81707528
507 -0.12490062 -1.22176669 -2.00201036
508 0.70411054 0.09233891 1.02057621
509 2.57763527 0.12904086 0.48559232
510 -2.46224198 0.87054315 -0.60056877
511 2.86035143 1.29269608 0.13488628
512 -2.26066410 1.43766318 1.79868656
513 -1.89248921 -0.81888682 1.76044355
514 -1.88862929 1.67100995 -0.45283544
515 -2.47776623 1.26299458 -0.75894189
516 0.15899515 -1.55078264 -2.98449592
517 0.82791123 0.06070067 0.56123144
518 1.76246313 0.58642365 -1.95135933
519 -0.83536489 1.62356440 1.61966822
520 0.33982236 -0.97742001 -1.18763700
521 1.39174840 1.40469703 1.02854800
522 1.85717988 1.06662454 -2.10177620
523 -0.45633112 -1.38806480 -1.58858650
524 2.21555773 -0.10843214 0.21214864
525 -1.92932418 -0.75091287 -1.61852301
526 -1.76288303 0.55184318 -1.45869692
527 0.79209291 -1.76618154 -2.14935365
528 -1.35275844 0.38818765 1.05504748
529 -0.34369821 -0.21683634 1.34710109
530 -2.90507348 -0.63563988 1.91224236
531 0.61931643 -0.65109148 2.43314879
532 1.63573638 -0.94041821 0.87173899
533 0.57450437 -0.39524835 -0.79826353
534 -0.93863716 0.46862314 -0.34554039
535 1.99117871 0.67841047 -2.58041036
536 0.84100936 -0.91541027 0.55687193
537 1.08079157 -1.07668324 -0.25884811
538 -1.85805082 -1.79064452 -0.72914147
539 -0.82233439 1.98192194 -0.32188588
540 -0.99858268 0.32190003 -2.46739564
541 2.76999441 0.53984019 1.52902693
542 -1.97713236 -0.36208858 -0.46386530
543 1.93083866 -1.99505328 -1.19488136
544 2.88741822 -0.10045385 -0.70484229
545 -2.28102597 1.89665853 -2.87984188
546 1.42308134 1.07439923 -1.53805974
547 1.02935068 -1.62828342 -1.45771638
548 1.72741191 1.45874479 0.65091847
549 0.04103057 -1.36278392 -2.62134576
550 -2.29410584 -1.09057079 -0.94995299
551 -0.71454284 -0.61471295 -1.56566800
552 0.05834547 1.30114442 -1.32177875
553 2.65432212 1.49334665 -2.02941477
554 1.71765575 0.29834951 0.39945217
555 -0.65374340 0.00461198 -0.61692732
556 0.23839568 0.51180021 1.04582284
557 0.19488713 0.88568826 -2.15233174
558 -1.72810506 1.27494003 -1.06483213
559 -2.86263705 -1.38483540 -1.65831340
560 2.74393730 0.29216571 2.59638442
561 0.45098010 -0.08258224 -1.11763389
562 0.63822569 -1.44320792 2.38956975
563 1.97599444 -0.72987421 2.71678515
564 1.95120461 0.66522754 -2.26942853
565 -0.13059583 0.02443022 -1.60469187
566 -2.52020764 1.10689450 -2.26778966
567 0.56574453 1.74579671 2.25663116
568 -1.33348422 1.40579456 -2.99800493
569 -2.89387316 0.41021264 -0.81121066
570 -0.68123491 0.25776434 -1.84930528
571 -1.72946786 -0.06159365 1.52552129
572 0.71698652 -0.81057982 -0.41797691
573 -1.97601144 -1.70148073 1.69617627
574 -1.40767553 -1.28893446 1.14970835
575 0.70831002 0.53275848 -1.62663240
576 -1.60412679 -1.11678946 -1.95748441
577 0.93434202 1.39206353 1.34590484
578 1.75256177 -0.38080627 0.92445481
579 -0.87458257 0.10201850 -0.11019093
580 -1.93867715 -0.45168495 2.78293366
581 -1.50851844 -1.46478504 -0.48851624
582 1.74202641 0.32859292 1.08584899
583 -1.86183090 0.47579277 -1.05899761
584 2.00582022 0.51719521 -1.80686234
585 -2.61229996 -1.82946715 -0.77154858
586 -1.40489318 0.58436049 -0.00399700
587 -1.40388429 -1.40304888 -2.23680139
588 2.18796234 -1.02608813 0.91026389
589 1.86411555 0.45632526 2.15739141
590 -0.64563769 1.82488875 -2.20112999
591 -2.38710281 0.63476860 2.65698683
592 1.85330075 -1.69433256 -1.32379375
593 2.58191333 -0.98776627 1.68702253
594 1.95079319 -0.01819158 -0.68190657
595 -0.29925340 -1.09214123 2.33634552
596 -0.29628205 1.52983777 -2.36583915
597 2.92965162 -0.22690765 -2.71301507
598 -2.77186890 0.98482903 0.95421320
599 1.81278337 -1.57852986 -2.78657482
600 0.05147573 -0.44961908 -0.22831835
601 2.94953044 1.88299983 2.65389233
602 1.70305608 -0.58063455 -0.52721439
603 0.29769624 1.32213782 -2.58772301
604 -0.45421867 -1.66952934 0.08794550
605 2.39340495 1.12993968 -1.63294551
606 2.85594509 0.66940160 -2.93743381
607 -1.46751912 -0.95714682 -2.58447418
608 2.75895912 -0.08697880 2.37488758
609 -1.06670700 -1.49906572 -0.15398335
610 -2.31626022 -0.05593799 2.52178310
611 0.12460884 0.46599892 -2.06016938
612 -2.73758625 -1.55676816 0.59118947
613 -2.42992981 -0.49602845 0.30055164
614 -0.66808320 -1.34526481 -1.35725214
615 2.56990522 0.70392911 -0.02371298
616 -2.92371067 1.96966161 1.02872961
617 -1.09846513 1.51707462 -1.44941030
618 0.26409948 0.54428305 -1.67361975
619 2.87038368 0.99276762 0.34687934
620 -1.91643241 -1.78456715 -1.07964099
621 1.51912400 -0.92267481 0.23733736
622 1.36768307 -1.56822514 1.11178809
623 -2.44877468 1.86051898 -0.06963522
624 -2.09594336 -0.63046547 -0.51950130
625 1.54911005 0.97369513 0.67164302
626 -2.36441572 -1.39372251 -2.43745847
627 0.46303669 1.50855377 -0.39719693
628 -2.03491097 0.23216932 1.87051330
629 1.45027235 1.52580309 -1.33258742
630 -1.83627681 1.51926595 0.94536187
631 -1.13442641 0.96939220 1.89071030
632 0.68986947 0.75153643 -0.74844059
633 0.23217399 0.09663669 2.08828673
634 2.03978392 1.33072187 -2.93381030
635 1.49727290 1.03470557 1.07027295
636 1.53758796 1.36788150 -0.17808571
637 0.01230126 -1.50114376 -0.68774470
638 0.86019105 1.12159909 -1.69674541
639 -2.17306259 0.65216801 -2.98872070
640 -1.92976448 -1.88371449 -1.99868929
641 -1.91208432 -0.44930561 -0.58603726
642 2.24557481 0.04043886 1.34042859
643 -2.37517587 -1.09824497 1.21766065
644 -2.68317623 -0.05360935 0.59621380
645 0.61287388 -1.90826875 -1.06735197
646 0.81894395 -1.40400104 1.17249391
647 1.47555123 1.92787676 -1.74094804
648 1.95078399 0.08118631 -0.75922441
649 -2.26573943 0.94202243 -1.58485441
650 -0.77146796 -1.74983110 1.80820150
651 1.59953112 0.93446332 -1.20333894
652 -1.95911957 0.55021304 -0.02300170
653 -1.93048518 0.74364509 2.94675857
654 1.48331755 0.95994554 2.70187653
655 -1.78238180 0.26219987 2.87788029
656 -2.00823533 0.80100785 0.51486088
657 0.51887457 0.79068250 2.57770156
658 1.69549162 -1.77545558 2.11636810
659 -1.64675202 -0.49234336 -0.22960308
660 -0.11456400 -0.25927840 2.62411979
661 1.23611404 0.52468260 -2.70094783
662 2.42347997 1.63756076 1.68127838
663 -2.95782481 -1.77087899 -1.64865780
664 -2.21190354 -0.40465588 2.53573835
665 -0.16763740 -1.94638948 -1.30352583
666 -2.73243055 -1.85484950 -1.34568088
667 -1.34632598 1.14850642 2.84900792
668 -0.77275745 -0.28445247 2.06873662
669 -1.39116587 -1.37447279 2.11853774
670 -2.72099647 0.47879775 0.37195709
671 -0.92447731 -0.73924191 1.63114638
672 -2.48145237 -1.05286275 1.39469240
673 0.28992347 -1.48804716 2.29281367
674 -0.63931289 1.31147351 1.72627811
675 0.74655266 -0.02207550 2.87730506
676 -2.13020959 0.90062293 -1.85285581
677 -0.97042137 -0.76520504 2.68221593
678 2.80413707 -1.26793820 -2.86778904
679 1.32004826 -0.32804024 -2.46695853
680 1.10252464 0.18042210 2.88310096
681 -1.63554302 -0.38408849 0.25527483
682 1.75019991 0.19535463 0.67740096
683 -1.64311769 1.38767490 -0.42821671
684 -2.15424227 0.65675165 -1.70345728
685 -2.41462495 1.44794764 -0.23902642
686 1.49570226 -0.83764975 1.72182081
687 -2.32838447 -0.57610649 2.86837091
688 1.76393829 -0.01097627 -0.96133514
689 2.23281422 0.17939105 1.55055008
690 1.52464609 -1.92821728 -2.24247733
691 0.95777618 -1.35352076 -1.46703992
692 2.67982774 0.24072901 1.50437705
693 0.34788445 0.21005446 -2.43508853
694 -0.93802088 -0.87027641 -0.65562982
695 1.79006513 -0.51226934 -0.28981909
696 -0.61571164 -1.62636813 -0.35356709
697 -1.82634436 -1.25310682 -2.43578338
698 -0.85997415 1.02992753 -1.34134988
699 -1.12590541 0.57069863 -1.82495515
700 2.38174758 0.08076210 -0.31438235
701 0.34692112 -1.33586275 0.68083881
702 -0.82139560 1.58874538 -1.98687479
703 0.04230663 0.39245054 -2.79969837
704 -0.81784128 0.93054095 1.92226506
705 -1.12102804 1.19437310 2.80653528
706 2.14124360 -1.52942406 1.43838199
707 -1.08199902 1.95366395 -0.08784613
708 -2.26539661 0.90074220 -1.06193281
709 2.98246894 1.91912984 0.93680414
710 -2.22104126 0.74744398 -2.44181710
711 -2.82381507 1.29183378 -1.74148228
712 -0.72583723 1.89382956 -0.97895699
713 -1.22106134 1.67283199 -2.33550935
714 1.55749449 1.95226228 2.40777603
715 0.91000751 -0.74375682 -1.47406810
716 1.91553062 1.51928766 0.15260951
717 -1.53396037 -1.54822717 -2.47692316
718 1.31446467 -0.31952509 2.43215923
719 1.43802781 -1.23495833 0.68266450
720 -0.38696727 0.30899894 1.42841473
721 1.83717528 1.37494930 -1.47615074
722 -2.81330641 0.95717895 -2.36193765
723 -1.11048250 -1.98473144 1.09001691
724 -1.99720796 0.62112965 2.95045567
725 -2.56397475 -1.69168794 -0.95771947
726 2.19831910 -1.13788052 -0.83773307
727 -2.58896753 1.05262118 -0.55016194
728 1.55549238 1.61443136 -1.60342113
729 1.84437616 -1.76362443 2.39308434
730 0.90461127 1.49690688 -2.99886959
731 -1.98551355 -0.44096246 -0.72298258
732 -1.63961772 -0.47355224 -2.22690770
733 -0.52343324 1.20941734 -0.12557960
734 -2.89199945 -0.31422385 -2.83694993
735 2.79746046 -1.49018417 1.24612998
736 2.83665792 1.30415619 1.19589224
737 2.03676550 1.92719476 0.72806697
738 0.35510884 0.51295244 0.19605534
739 0.81053462 -0.20063115 -1.68934090
740 -2.27851664 -1.72663626 -1.42010529
741 -2.72325860 0.26868311 -1.29702930
742 1.94720884 -1.70303650 -1.64189104
743 1.38147687 0.39523319 -2.61305238
744 2.26343674 1.50904703 -1.01755196
745 -0.95756495 1.95611345 0.75705707
746 0.18789913 1.35260874 -1.28825795
747 -0.42490445 -0.92889332 1.73496506
748 0.44009608 0.63530030 -1.48615652
749 -1.67864821 -0.04650148 1.42539452
750 0.15143852 -1.86941730 2.21130900
751 -2.61187868 1.82329795 -2.84914826
752 1.16670275 -1.67117175 2.46405949
753 -0.21340060 -1.44990490 -0.95510582
754 -2.01105194 -1.31767235 2.68864992
755 -0.32852334 1.15520906 0.83763338
756 1.05855818 -1.47322622 -1.59489333
757 1.72050201 1.88306481 -1.42394617
758 -1.37058740 -0.10841147 2.90304187
759 -1.38624634 -0.37211236 2.34888011
760 -2.98247380 -1.84093613 0.62443007
761 2.44428102 -1.04457335 -0.18214938
762 -0.29720817 -0.10811462 0.73511817
763 -0.18153743 -0.21012743 -0.15426946
764 0.54520465 0.14802998 2.12481601
765 -2.70301887 1.33326829 2.06354770
766 -1.29055189 -0.14859220 -0.36876907
767 -1.68894097 -0.41281261 -2.73367338
768 -1.33306757 1.26672872 -1.29262619
769 1.90924003 0.12639787 2.27917608
770 0.44867732 -1.88132712 1.05252126
771 -2.73087862 -0.19761192 2.57656020
772 -2.00877636 -0.44051059 1.37916186
773 2.29355131 0.68377202 -1.45096048
774 1.04764714 -0.81308946 1.31057537
775 2.72419877 0.88557381 2.17728302
776 -2.98737692 0.87028852 1.97752536
777 -2.75664758 1.48639091 -1.45983461
778 0.99175260 1.20141950 0.97598707
779 -2.44629125 0.38528608 0.29750192
780 2.40192763 -0.38304107 -1.07351341
781 1.49910456 -0.34929871 0.87657706
782 0.87870054 1.55215626 0.59215443
783 0.01292165 -1.44451470 -2.30557437
784 -2.07407064 -1.31260609 0.82726256
785 1.44588749 0.11996612 1.97410637
786 2.94757940 1.28005052 1.16929423
787 0.19495620 -0.20458772 -2.49364571
788 -0.60378749 1.64053855 1.84813580
789 -1.70369178 -0.13356886 1.90033922
790 -2.59569270 -0.45042966 2.11104742
791 -0.57661284 -1.68954142 0.25520621
792 2.17045494 0.36114219 -1.64232537
793 -0.69456227 -0.19950658 0.47559810
