NUM_KEYFRAMES 50
0 -0.00000000 0.00000000 1.00000000 -0.00000000 0.00000000 1.00000000 0.00000000 0.00000000 -1.00000000 0.00000000 -0.00000000 5.00000000 500.00000000 500.00000000 320.00000000 240.00000000
1 -0.12533323 0.00000000 0.99211470 -0.00000000 0.00000000 1.00000000 0.00000000 0.00000000 -0.99211470 0.00000000 -0.12533323 5.00000000 500.00000000 500.00000000 320.00000000 240.00000000
2 -0.24868989 0.00000000 0.96858316 -0.00000000 0.00000000 1.00000000 0.00000000 0.00000000 -0.96858316 0.00000000 -0.24868989 5.00000000 500.00000000 500.00000000 320.00000000 240.00000000
3 -0.36812455 0.00000000 0.92977649 -0.00000000 0.00000000 1.00000000 0.00000000 0.00000000 -0.92977649 0.00000000 -0.36812455 5.00000000 500.00000000 500.00000000 320.00000000 240.00000000
4 -0.48175367 0.00000000 0.87630668 -0.00000000 0.00000000 1.00000000 0.00000000 0.00000000 -0.87630668 0.00000000 -0.48175367 5.00000000 500.00000000 500.00000000 320.00000000 240.00000000
5 -0.58778525 0.00000000 0.80901699 0.00000000 0.00000000 1.00000000 0.00000000 0.00000000 -0.80901699 0.00000000 -0.58778525 5.00000000 500.00000000 500.00000000 320.00000000 240.00000000
6 -0.68454711 0.00000000 0.72896863 -0.00000000 0.00000000 1.00000000 0.00000000 0.00000000 -0.72896863 0.00000000 -0.68454711 5.00000000 500.00000000 500.00000000 320.00000000 240.00000000
7 -0.77051324 0.00000000 0.63742399 0.00000000 0.00000000 1.00000000 0.00000000 0.00000000 -0.63742399 0.00000000 -0.77051324 5.00000000 500.00000000 500.00000000 320.00000000 240.00000000
8 -0.84432793 0.00000000 0.53582679 -0.00000000 0.00000000 1.00000000 0.00000000 0.00000000 -0.53582679 0.00000000 -0.84432793 5.00000000 500.00000000 500.00000000 320.00000000 240.00000000
9 -0.90482705 0.00000000 0.42577929 -0.00000000 0.00000000 1.00000000 0.00000000 0.00000000 -0.42577929 0.00000000 -0.90482705 5.00000000 500.00000000 500.00000000 320.00000000 240.00000000
10 -0.95105652 0.00000000 0.30901699 -0.00000000 0.00000000 1.00000000 0.00000000 0.00000000 -0.30901699 0.00000000 -0.95105652 5.00000000 500.00000000 500.00000000 320.00000000 240.00000000
11 -0.98228725 0.00000000 0.18738131 -0.00000000 0.00000000 1.00000000 0.00000000 0.00000000 -0.18738131 0.00000000 -0.98228725 5.00000000 500.00000000 500.00000000 320.00000000 240.00000000
12 -0.99802673 0.00000000 0.06279052 0.00000000 0.00000000 1.00000000 0.00000000 0.00000000 -0.06279052 0.00000000 -0.99802673 5.00000000 500.00000000 500.00000000 320.00000000 240.00000000
13 -0.99802673 0.00000000 -0.06279052 -0.00000000 0.00000000 1.00000000 0.00000000 0.00000000 0.06279052 0.00000000 -0.99802673 5.00000000 500.00000000 500.00000000 320.00000000 240.00000000
14 -0.98228725 0.00000000 -0.18738131 -0.00000000 0.00000000 1.00000000 0.00000000 0.00000000 0.18738131 0.00000000 -0.98228725 5.00000000 500.00000000 500.00000000 320.00000000 240.00000000
15 -0.95105652 0.00000000 -0.30901699 0.00000000 0.00000000 1.00000000 0.00000000 0.00000000 0.30901699 0.00000000 -0.95105652 5.00000000 500.00000000 500.00000000 320.00000000 240.00000000
16 -0.90482705 0.00000000 -0.42577929 -0.00000000 0.00000000 1.00000000 0.00000000 0.00000000 0.42577929 0.00000000 -0.90482705 5.00000000 500.00000000 500.00000000 320.00000000 240.00000000
17 -0.84432793 0.00000000 -0.53582679 -0.00000000 0.00000000 1.00000000 0.00000000 0.00000000 0.53582679 0.00000000 -0.84432793 5.00000000 500.00000000 500.00000000 320.00000000 240.00000000
18 -0.77051324 0.00000000 -0.63742399 -0.00000000 0.00000000 1.00000000 0.00000000 0.00000000 0.63742399 0.00000000 -0.77051324 5.00000000 500.00000000 500.00000000 320.00000000 240.00000000
19 -0.68454711 0.00000000 -0.72896863 -0.00000000 0.00000000 1.00000000 0.00000000 0.00000000 0.72896863 0.00000000 -0.68454711 5.00000000 500.00000000 500.00000000 320.00000000 240.00000000
20 -0.58778525 0.00000000 -0.80901699 -0.00000000 0.00000000 1.00000000 0.00000000 0.00000000 0.80901699 0.00000000 -0.58778525 5.00000000 500.00000000 500.00000000 320.00000000 240.00000000
21 -0.48175367 0.00000000 -0.87630668 0.00000000 0.00000000 1.00000000 0.00000000 0.00000000 0.87630668 0.00000000 -0.48175367 5.00000000 500.00000000 500.00000000 320.00000000 240.00000000
22 -0.36812455 0.00000000 -0.92977649 0.00000000 0.00000000 1.00000000 0.00000000 0.00000000 0.92977649 0.00000000 -0.36812455 5.00000000 500.00000000 500.00000000 320.00000000 240.00000000
23 -0.24868989 0.00000000 -0.96858316 -0.00000000 0.00000000 1.00000000 0.00000000 0.00000000 0.96858316 0.00000000 -0.24868989 5.00000000 500.00000000 500.00000000 320.00000000 240.00000000
24 -0.12533323 0.00000000 -0.99211470 -0.00000000 0.00000000 1.00000000 0.00000000 0.00000000 0.99211470 0.00000000 -0.12533323 5.00000000 500.00000000 500.00000000 320.00000000 240.00000000
25 -0.00000000 0.00000000 -1.00000000 -0.00000000 0.00000000 1.00000000 0.00000000 0.00000000 1.00000000 0.00000000 -0.00000000 5.00000000 500.00000000 500.00000000 320.00000000 240.00000000
26 0.12533323 0.00000000 -0.99211470 -0.00000000 -0.00000000 1.00000000 0.00000000 0.00000000 0.99211470 0.00000000 0.12533323 5.00000000 500.00000000 500.00000000 320.00000000 240.00000000
27 0.24868989 0.00000000 -0.96858316 -0.00000000 -0.00000000 1.00000000 0.00000000 0.00000000 0.96858316 0.00000000 0.24868989 5.00000000 500.00000000 500.00000000 320.00000000 240.00000000
28 0.36812455 0.00000000 -0.92977649 -0.00000000 -0.00000000 1.00000000 0.00000000 0.00000000 0.92977649 0.00000000 0.36812455 5.00000000 500.00000000 500.00000000 320.00000000 240.00000000
29 0.48175367 0.00000000 -0.87630668 0.00000000 -0.00000000 1.00000000 0.00000000 0.00000000 0.87630668 0.00000000 0.48175367 5.00000000 500.00000000 500.00000000 320.00000000 240.00000000
30 0.58778525 0.00000000 -0.80901699 -0.00000000 -0.00000000 1.00000000 0.00000000 0.00000000 0.80901699 0.00000000 0.58778525 5.00000000 500.00000000 500.00000000 320.00000000 240.00000000
31 0.68454711 0.00000000 -0.72896863 -0.00000000 -0.00000000 1.00000000 0.00000000 0.00000000 0.72896863 0.00000000 0.68454711 5.00000000 500.00000000 500.00000000 320.00000000 240.00000000
32 0.77051324 0.00000000 -0.63742399 -0.00000000 -0.00000000 1.00000000 0.00000000 0.00000000 0.63742399 0.00000000 0.77051324 5.00000000 500.00000000 500.00000000 320.00000000 240.00000000
33 0.84432793 0.00000000 -0.53582679 -0.00000000 -0.00000000 1.00000000 0.00000000 0.00000000 0.53582679 0.00000000 0.84432793 5.00000000 500.00000000 500.00000000 320.00000000 240.00000000
34 0.90482705 0.00000000 -0.42577929 -0.00000000 -0.00000000 1.00000000 0.00000000 0.00000000 0.42577929 0.00000000 0.90482705 5.00000000 500.00000000 500.00000000 320.00000000 240.00000000
35 0.95105652 0.00000000 -0.30901699 -0.00000000 -0.00000000 1.00000000 0.00000000 0.00000000 0.30901699 0.00000000 0.95105652 5.00000000 500.00000000 500.00000000 320.00000000 240.00000000
36 0.98228725 0.00000000 -0.18738131 -0.00000000 -0.00000000 1.00000000 0.00000000 0.00000000 0.18738131 0.00000000 0.98228725 5.00000000 500.00000000 500.00000000 320.00000000 240.00000000
37 0.99802673 0.00000000 -0.06279052 0.00000000 -0.00000000 1.00000000 0.00000000 0.00000000 0.06279052 0.00000000 0.99802673 5.00000000 500.00000000 500.00000000 320.00000000 240.00000000
38 0.99802673 0.00000000 0.06279052 -0.00000000 0.00000000 1.00000000 -0.00000000 0.00000000 -0.06279052 0.00000000 0.99802673 5.00000000 500.00000000 500.00000000 320.00000000 240.00000000
39 0.98228725 0.00000000 0.18738131 -0.00000000 0.00000000 1.00000000 -0.00000000 0.00000000 -0.18738131 0.00000000 0.98228725 5.00000000 500.00000000 500.00000000 320.00000000 240.00000000
40 0.95105652 0.00000000 0.30901699 -0.00000000 0.00000000 1.00000000 -0.00000000 0.00000000 -0.30901699 0.00000000 0.95105652 5.00000000 500.00000000 500.00000000 320.00000000 240.00000000
41 0.90482705 0.00000000 0.42577929 -0.00000000 0.00000000 1.00000000 -0.00000000 0.00000000 -0.42577929 0.00000000 0.90482705 5.00000000 500.00000000 500.00000000 320.00000000 240.00000000
42 0.84432793 0.00000000 0.53582679 -0.00000000 0.00000000 1.00000000 -0.00000000 0.00000000 -0.53582679 0.00000000 0.84432793 5.00000000 500.00000000 500.00000000 320.00000000 240.00000000
43 0.77051324 0.00000000 0.63742399 -0.00000000 0.00000000 1.00000000 -0.00000000 0.00000000 -0.63742399 0.00000000 0.77051324 5.00000000 500.00000000 500.00000000 320.00000000 240.00000000
44 0.68454711 0.00000000 0.72896863 -0.00000000 0.00000000 1.00000000 -0.00000000 0.00000000 -0.72896863 0.00000000 0.68454711 5.00000000 500.00000000 500.00000000 320.00000000 240.00000000
45 0.58778525 0.00000000 0.80901699 -0.00000000 0.00000000 1.00000000 -0.00000000 0.00000000 -0.80901699 0.00000000 0.58778525 5.00000000 500.00000000 500.00000000 320.00000000 240.00000000
46 0.48175367 0.00000000 0.87630668 -0.00000000 0.00000000 1.00000000 -0.00000000 0.00000000 -0.87630668 0.00000000 0.48175367 5.00000000 500.00000000 500.00000000 320.00000000 240.00000000
47 0.36812455 0.00000000 0.92977649 -0.00000000 0.00000000 1.00000000 -0.00000000 0.00000000 -0.92977649 0.00000000 0.36812455 5.00000000 500.00000000 500.00000000 320.00000000 240.00000000
48 0.24868989 0.00000000 0.96858316 -0.00000000 0.00000000 1.00000000 -0.00000000 0.00000000 -0.96858316 0.00000000 0.24868989 5.00000000 500.00000000 500.00000000 320.00000000 240.00000000
49 0.12533323 0.00000000 0.99211470 -0.00000000 0.00000000 1.00000000 -0.00000000 0.00000000 -0.99211470 0.00000000 0.12533323 5.00000000 500.00000000 500.00000000 320.00000000 240.00000000
NUM_MAPPOINTS 500
550 -2.29410584 -1.09057079 -0.94995299
1331 2.22380329 1.03634774 1.36517541
1954 1.50326500 0.98567932 -2.12689622
1589 -1.39754995 0.13864371 2.15256859
1867 -0.94168960 0.66774393 -2.38482479
277 2.47649681 -1.00709421 0.46579174
1931 -2.49622463 1.08008489 0.78105051
357 0.53465121 -0.89093740 2.46203460
106 -0.34588661 -1.04085055 -2.43676026
780 2.40192763 -0.38304107 -1.07351341
249 -2.60028534 -1.08389845 0.25709587
657 0.51887457 0.79068250 2.57770156
1456 -2.14223474 0.96917416 -1.53503033
405 2.03968303 1.09129111 -1.61967790
1917 -1.34985137 -1.10554954 2.14258163
1090 2.28938075 0.92526608 1.18365250
576 -1.60412679 -1.11678946 -1.95748441
394 -1.92301608 1.01479534 1.73284188
1841 1.84064142 -0.99277293 1.94247832
967 0.19213009 0.36172437 -2.63201425
810 2.96914783 0.18152446 -2.47078975
301 0.85755340 0.81578453 2.46374399
1429 -2.30113291 -0.98295508 -1.22719247
761 2.44428102 -1.04457335 -0.18214938
734 -2.89199945 -0.31422385 -2.83694993
513 -1.89248921 -0.81888682 1.76044355
1225 2.53420494 0.78249861 0.66462436
727 -2.58896753 1.05262118 -0.55016194
157 0.33603025 -0.70925446 -2.73959530
1834 -0.30439105 -0.81422045 2.57789765
1149 2.63959073 0.01601507 2.69520418
1144 1.39802172 0.70450157 -2.16938702
988 -2.28675366 1.05887656 1.02633170
806 2.55382398 -0.34339908 -0.62739437
1411 0.17828380 0.92955380 2.54464631
1563 -2.66302795 -0.97744362 0.16538190
288 -0.01792829 1.06142514 -2.38211113
857 -2.86783846 0.33302996 2.05338448
909 2.62427066 0.41316721 -0.15959473
220 -0.01051382 -0.67860609 2.60215097
315 -2.15988874 -0.94526479 -1.40100964
518 1.76246313 0.58642365 -1.95135933
1426 -2.02477208 0.70248526 -2.77148222
1702 -1.61185412 -0.38303343 2.95959116
1846 1.00161250 -0.93142371 2.46398995
510 -2.46224198 0.87054315 -0.60056877
1555 2.60319567 -0.39110508 -0.18726073
1162 0.56449670 0.81056084 -2.60083433
1621 0.37118276 0.68562429 2.55784965
1760 -0.25961642 -0.68307754 -2.68510977
176 -2.54784565 0.76685759 0.20607761
966 2.58605984 -0.43270412 0.28020312
1713 2.10571141 -0.61656456 -2.78870895
1117 2.21183784 0.89737762 1.47452028
1566 -2.62122057 -0.41297976 -0.15596241
1999 -1.73884817 -0.70622858 1.91540525
1263 0.51047065 -1.09489899 2.37418779
1793 -1.87497324 1.00239382 -1.58402036
615 2.56990522 0.70392911 -0.02371298
44 -1.38352600 -1.02349792 -1.99025372
1126 1.64197539 0.99135431 -2.09635140
897 -1.39994879 0.89942601 2.26588211
726 2.19831910 -1.13788052 -0.83773307
1614 1.40825142 0.79838613 2.11755832
708 -2.26539661 0.90074220 -1.06193281
1089 2.31371860 -1.11239817 1.28784767
1892 -1.74049172 1.15570808 1.64743252
976 1.57489732 0.16988402 -2.10239132
1531 -2.11663757 -1.17367594 -1.12040115
1465 -0.27432962 -0.19373764 2.62156720
935 2.80231606 -0.42882489 2.12533143
1292 0.10965706 0.84045905 -2.42562568
206 -2.49289798 0.38911233 2.91754199
597 2.92965162 -0.22690765 -2.71301507
509 2.57763527 0.12904086 0.48559232
383 -2.03759938 -0.66396450 -1.56785983
660 -0.11456400 -0.25927840 2.62411979
1007 -0.99922446 0.71016379 -2.56733341
825 -2.77211060 0.98344015 0.29593488
942 1.84965266 -0.98471568 -1.52515533
311 2.40343384 0.76488742 1.09910314
1505 -2.24774790 -0.98554894 0.85251904
799 0.10343627 -0.48435889 -2.95973767
1838 0.72663793 -0.79279980 2.39845848
189 -2.45398747 0.90558812 0.28467785
37 2.28280703 0.49741618 -1.22619787
1240 2.95017642 0.16401157 2.90907447
819 1.90054156 -1.17076400 1.69432997
978 -2.87597175 -0.92392143 0.10557782
1141 -2.20413254 0.04654288 -2.96792302
459 0.47648939 0.65048512 -2.42843095
870 -0.19819199 -0.63851702 2.64269102
1664 2.62034732 0.06270621 -0.01647670
992 -2.25370301 1.19018943 0.69547145
1633 2.09354325 -0.41091409 -1.52669621
530 -2.90507348 -0.63563988 1.91224236
1757 0.07913934 0.86152406 2.83956530
525 -1.92932418 -0.75091287 -1.61852301
1625 2.59773974 0.34604712 0.15649514
787 0.19495620 -0.20458772 -2.49364571
1981 -2.37817966 0.80962148 -1.20325365
1796 1.24173791 0.61738586 2.23511971
1319 2.56149810 -1.14520741 -0.47997556
17 -0.30147523 -0.41939907 2.55995317
826 -2.65355372 0.72302359 -0.19930756
1276 0.39412903 -1.26931046 -2.16240682
957 2.07509730 -0.39623296 1.57865017
946 -0.11070397 0.54177457 -2.45566979
1716 -1.37069726 -0.73513951 2.06982513
76 2.43659271 -0.26242254 -0.89952955
1509 -1.46553780 -0.69031616 -2.01227693
1938 -2.13827170 0.63179795 1.36486248
242 1.96764530 1.00200770 1.79722282
1154 1.86155150 -0.34469014 -1.77500067
948 -1.34671234 0.48815824 2.95465374
1780 2.62583866 0.71881913 0.42108981
8 -2.45636139 0.47354406 -0.70522806
563 1.97599444 -0.72987421 2.71678515
1095 -0.54156458 0.59109693 -2.90695003
276 2.51072837 0.34827292 -2.80291996
1242 -2.01069131 -1.04004254 1.26079585
426 -2.88979418 -0.07057447 -1.73790251
1936 0.08737073 0.83585708 2.43660554
1480 2.76969482 0.92097334 -0.06077713
1021 -2.44742851 0.21351606 0.84979148
1532 0.81641052 -0.40687780 -2.95911179
1189 2.95063727 0.65680684 -1.80452427
1506 -1.34678056 -0.02191551 -2.26982814
595 -0.29925340 -1.09214123 2.33634552
1711 1.46061102 0.13130816 2.16400691
1641 -2.67292842 -0.74382477 -0.00480630
1213 2.54713484 1.14325057 0.53968729
580 -1.93867715 -0.45168495 2.78293366
540 -0.99858268 0.32190003 -2.46739564
466 2.69150011 -0.98988885 -0.84449549
1158 -0.27076537 0.74280216 2.46127819
1016 -2.55574670 0.42193067 0.10073961
1762 1.23369187 0.08620395 -2.25211546
642 2.24557481 0.04043886 1.34042859
1365 -2.83293652 0.49092914 1.84054540
1262 -2.54603337 -0.55383440 -2.44699226
1958 0.58579463 0.95572181 -2.82498064
531 0.61931643 -0.65109148 2.43314879
1300 -2.35431489 1.07251271 0.00286389
588 2.18796234 -1.02608813 0.91026389
41 -1.36720651 0.59076049 -2.99687774
61 1.17470640 -1.08579993 -1.95027045
1678 1.24455764 0.84711178 2.39013164
498 -1.98933371 0.57030387 1.55606595
493 2.21340373 -0.49731100 -1.21878434
1445 -2.23742256 -1.24286544 -0.24401135
1813 -0.49565027 -0.76132450 2.62695480
47 1.17782562 0.84908235 -2.11147843
390 -1.04139855 0.23937724 -2.30493686
1576 1.93336867 1.01139465 1.39715516
1504 -2.81441471 0.85765642 -0.83011742
1896 1.52232107 -0.98648239 2.37045937
1140 2.49961982 0.82463400 -1.14626406
396 -2.00173447 1.08393718 1.25143202
1447 -1.81867276 -0.23539781 -1.80353040
1941 2.90241023 -0.55677474 1.51708482
1238 1.76688492 -0.88748336 -2.14646855
264 -2.39523238 -0.97593787 1.35657349
1166 -0.74735334 1.20029374 2.30749977
314 -0.01521067 0.88081033 -2.36052759
901 -2.54169035 -0.46967872 -0.79359809
1624 2.80645696 0.63106154 0.38637228
834 1.83953602 -0.09406647 2.97673774
1179 -0.87781991 -0.79008387 2.85223966
200 -0.92950422 -0.60952314 -2.80917189
279 1.68297426 -0.88965132 -1.67941668
97 -2.76699162 -0.78693794 0.22249457
1626 1.55586514 0.85066250 -1.84103993
1597 -0.96406295 0.83559646 2.96270387
888 -2.78436795 -0.42106258 2.58484376
1772 2.34264568 -0.94911623 -0.16650900
649 -2.26573943 0.94202243 -1.58485441
1742 0.46329642 0.69615149 -2.90003716
1631 -2.47757276 -1.19140240 0.27294207
1235 0.03798185 -0.59834699 2.47758604
1874 -2.85009551 0.88290047 0.08414019
275 2.53776138 -0.13719952 -0.11497813
1558 -1.16219403 -0.69556857 -2.57450427
186 1.70800956 0.55744542 1.83026801
1395 1.43103530 0.66646833 -2.28262803
1353 -1.82994609 0.60837225 1.68551613
1835 -2.25231967 0.60990383 -2.68368141
448 2.07747177 0.51505927 1.41210181
1311 -0.48090782 -0.01241792 2.50165230
1951 0.98603621 -0.62648885 -2.88540477
1579 -2.56197842 0.97611433 1.26600574
1374 2.96649161 0.42192500 -1.15268169
928 -0.64885019 0.63645504 -2.34664011
434 0.67766507 -0.80465647 2.61121087
643 -2.37517587 -1.09824497 1.21766065
1934 1.69037394 -1.18497804 -1.43603004
1252 2.64132482 0.41518797 2.17881322
953 -2.11093244 0.71819972 -1.65065873
1721 -1.48481765 -0.22868253 2.08361646
1009 1.70917094 0.93394697 -2.30285424
1428 -2.74821558 -0.54541857 -2.40843460
335 1.34461995 0.54892631 2.88346080
354 -2.44980397 -0.65451813 0.13511514
336 2.42018288 0.58665968 1.15905126
1856 -0.55262441 -0.60887041 -2.87012663
961 -0.81387454 -0.81903279 2.27697941
1599 2.49484553 0.87173075 -1.29835243
1538 -2.50556416 0.39987142 -0.08611882
442 2.23099668 -0.26537866 -2.73803003
874 -0.46569288 -0.49074536 2.61792691
114 -0.21195710 0.59909472 -2.71164645
1211 -1.80296810 -0.82420359 -1.57749178
424 2.44691193 0.89714123 1.49496986
1699 -2.39662361 -0.42695406 0.70027625
69 2.84198305 -0.86431609 -1.16781684
68 0.48411977 -0.51086892 2.64080066
987 -1.71963992 0.66058477 -2.05604233
789 -1.70369178 -0.13356886 1.90033922
433 2.37732785 0.37910653 0.69962750
1468 1.14435787 0.91514487 -2.71816202
1791 -2.80566516 -0.65662605 0.08319913
1560 1.17112481 0.51851338 2.18090765
1 0.58110097 -0.21666897 -2.40015048
1851 2.81694539 -0.18429545 0.04199774
1695 1.96785878 -0.48802384 2.88708934
868 -1.86576285 1.13206657 1.29023232
797 -2.00622990 0.58296204 -2.73132933
1935 -2.44482868 -0.40227091 -0.48642468
56 2.15015281 -0.69616437 -1.67855371
1701 -0.89880789 0.46887834 2.30884771
1349 0.00426556 0.57944490 -2.85880507
1360 2.65837139 -0.70472172 0.96684407
1342 -2.72823214 0.62554344 0.21091400
40 -2.26747228 -0.57480863 2.44097069
1673 2.57158127 0.95497405 -1.16239269
153 1.60316912 1.29116142 1.46526992
1496 -2.74010836 0.79735788 -1.01663398
123 -1.71246527 -0.49096366 -2.76622117
1996 0.59615149 -0.63330168 2.71989824
1866 1.19720555 -0.77227569 -2.65743395
1142 2.63048244 -0.34073954 -0.58599025
1729 -2.40462245 -0.28542289 0.77101303
1366 2.05209399 -0.06914612 1.66473279
693 0.34788445 0.21005446 -2.43508853
1382 2.36559073 0.57961162 -1.27049053
82 0.31658978 0.28916988 2.88198950
910 -2.64170105 0.68656914 0.49325252
724 -1.99720796 0.62112965 2.95045567
169 2.64319093 -0.33344377 0.48697571
480 -1.86990547 0.92331790 -2.06301691
1734 -2.71804500 -0.64474794 -0.56910866
1094 -0.57258809 -0.06262229 -2.91979389
1534 1.95126822 1.18023206 -1.05761507
677 -0.97042137 -0.76520504 2.68221593
1452 -2.91401457 -0.08665807 -2.87387333
975 2.99726350 -0.37699535 -1.67706940
1988 -2.51598140 0.68939306 1.13508850
1997 2.41914415 0.85482504 1.90887352
865 1.32393087 -0.39421748 -2.04825510
1437 1.07094705 -0.70760119 2.92649723
458 -2.41563965 -0.37991679 0.55751039
1518 0.97540749 1.23087127 2.31548396
1202 2.41914468 0.41540393 0.45968401
5 0.70488904 0.44661265 -2.95760215
790 -2.59569270 -0.45042966 2.11104742
1335 -0.92064741 -0.36913693 -2.24660651
890 -2.68680823 0.72877553 -0.19107513
243 1.95079606 -1.25438007 -1.58584953
905 0.97804408 0.19352813 2.27553066
1993 -1.35874785 -0.40136798 2.89716069
1714 1.47707784 1.20815308 -2.03643785
146 -2.12037107 0.05330470 -1.60063160
1085 2.88261342 0.04913904 -2.31428538
608 2.75895912 -0.08697880 2.37488758
613 -2.42992981 -0.49602845 0.30055164
452 1.75773655 0.62003735 2.95279990
945 2.72908192 -0.02129924 0.07632149
1350 -0.42226280 -0.88424770 -2.22495334
1783 1.49219086 -1.14743155 2.20306414
342 -2.67070432 -0.17942527 0.13460746
1577 2.25715484 0.89113838 -1.60895223
1901 -0.25317044 -0.96415358 2.27247912
1177 -1.75636213 0.52232379 -1.68175923
1798 0.95996069 -0.44492635 -2.21152569
180 -1.35160923 -1.17108941 2.26932398
83 -2.54792245 -0.77721191 -1.85453381
1053 1.71058631 0.39538162 -1.79340763
841 1.91878681 -0.66637071 1.39830713
1441 -2.10515507 1.14370109 0.70758940
758 -1.37058740 -0.10841147 2.90304187
1682 -0.55266237 -0.88145471 -2.18177802
1883 1.29372428 0.74776575 2.35868245
1338 2.85619621 -0.62072959 -0.97613429
1963 -2.99551377 0.37654556 1.31580364
684 -2.15424227 0.65675165 -1.70345728
1479 2.06253025 -0.70030882 1.12377337
1472 0.91783757 0.31847640 -2.86668911
70 -0.08631751 -0.20630344 2.96674481
1925 -1.20266211 -0.16902472 -2.42664539
584 2.00582022 0.51719521 -1.80686234
779 -2.44629125 0.38528608 0.29750192
1763 2.76848725 0.54364307 1.59521059
179 -1.55349100 -1.17981868 -1.49134541
998 2.27604610 1.23515996 1.06291450
80 -0.18033292 -0.88175865 2.30096413
1255 -2.17746326 0.93553252 0.79342893
924 1.56512609 0.18743856 -1.91815239
256 -2.38250382 0.14592541 -0.72707062
420 0.54158360 -0.26701301 2.90610847
1455 -0.75715131 0.50131983 -2.92595369
72 -1.92706376 -0.53412486 1.46502311
1685 2.13600645 0.99981474 1.83070111
1634 1.87395710 -0.62864417 -2.33107386
854 -2.12882092 0.84044024 1.00112655
415 1.78078700 -0.82332810 2.47101620
1543 -1.53857321 -0.77581132 -2.61789139
591 -2.38710281 0.63476860 2.65698683
1317 2.68950921 -0.78159057 -1.41290516
676 -2.13020959 0.90062293 -1.85285581
1596 1.42445968 0.14816526 2.03998652
661 1.23611404 0.52468260 -2.70094783
1370 -2.85189507 -0.54898558 0.28017798
1606 2.88476283 0.42370479 0.02225033
772 -2.00877636 -0.44051059 1.37916186
1413 2.79928510 0.51247812 2.58385487
913 1.66156808 -1.18007515 1.35376323
773 2.29355131 0.68377202 -1.45096048
732 -1.63961772 -0.47355224 -2.22690770
838 -1.67552707 0.93611907 1.57557837
499 0.00267185 0.16945465 2.70887135
339 -0.16073930 -0.74858057 -2.27686454
1886 -2.53553068 0.05134145 -0.94019416
280 -1.72391530 0.06069474 2.85324787
1663 2.13330674 -0.32683556 -1.14352322
1718 -1.21195887 0.50191225 -2.07085458
1700 2.16479362 -0.61521244 0.92272052
919 -2.63622643 0.75999896 1.14057938
1839 0.77044177 -0.24540393 -2.76745840
1818 -2.95564859 0.03654165 -2.16408309
1704 -1.29239772 0.06883773 2.08908897
77 0.87062015 0.67569624 2.18500538
815 1.96088983 0.83605490 -1.93697442
1810 -0.71465779 -0.01582911 -2.95340015
544 2.88741822 -0.10045385 -0.70484229
1571 2.58494443 0.64319412 1.47817732
1344 -2.81987203 -0.22188698 0.02771415
172 1.66561370 -0.07851969 2.91171632
1598 -1.11222655 0.69607016 2.06588917
410 1.34653603 0.98334804 -1.79784514
1674 -1.40951229 0.78476978 -1.84277660
0 1.77925791 -1.26626085 1.67814599
1119 -0.33684488 -0.19689486 2.75098702
898 -2.75005908 -0.40940968 1.57385418
450 0.08397521 0.35223351 -2.82363332
1630 2.12192731 0.90114834 -0.83763575
1542 -2.67736612 0.67742793 -1.61232044
1971 -2.24861987 -0.47178447 -2.83062747
295 2.32476289 0.22688636 1.32487858
1540 1.71050192 -0.90520617 2.47091175
1002 0.76796032 -1.00995971 -2.02310969
182 -2.86689157 -0.00733925 -0.14273582
1099 -0.29712856 0.05347283 2.93530653
1068 2.30625928 -0.62087433 -0.22893912
1493 -1.53718836 0.62361326 -1.80711565
860 -1.87294288 0.87916582 2.20160083
878 2.25306734 -1.26877108 -1.32936355
541 2.76999441 0.53984019 1.52902693
1573 -2.99013743 -0.49434013 0.42456888
983 -0.30711812 -1.36390000 -1.91882549
759 -1.38624634 -0.37211236 2.34888011
936 1.63853426 -0.76000026 -1.60776101
1655 -2.36324653 0.12542731 -0.62533393
680 1.10252464 0.18042210 2.88310096
700 2.38174758 0.08076210 -0.31438235
1979 2.07385258 0.54105996 -2.75064091
867 -1.37071774 -0.39021344 -2.38351045
183 1.98822892 -0.76889105 1.89831439
1915 -2.95895552 -0.13192855 1.11391045
414 -0.27783819 0.12141757 -2.89282866
1123 -1.32925471 0.61883631 1.94260437
21 2.79153187 0.42813700 -1.34400490
710 -2.22104126 0.74744398 -2.44181710
686 1.49570226 -0.83764975 1.72182081
366 1.95723419 1.20307875 0.77866752
1490 -2.23457897 -0.36365940 -0.87373691
10 1.08184523 -0.19800299 -2.92041025
1992 0.40465928 -0.49196917 2.78957163
331 -2.38143752 -0.74161377 1.84458151
939 2.01244699 1.13768342 -0.73808675
1615 -2.30506151 0.82382495 0.02213162
136 2.08285889 -0.58037924 2.74080531
1459 -1.83502276 -0.10226043 -2.95599507
1977 -2.85198028 -0.37240629 -1.67580554
446 -0.48960124 -1.18568687 2.04271443
417 -2.99260895 0.39330906 0.64383870
472 0.84001780 -1.10119530 -1.91993741
1662 2.63228780 -0.03055079 1.20519417
310 0.87032500 -0.31318428 -2.20634272
145 -1.66454149 -0.41339361 2.35138146
785 1.44588749 0.11996612 1.97410637
1870 2.21611378 0.94730582 0.00624145
1333 -1.70249684 -1.16564653 -1.22164799
307 2.91220387 -0.11573819 -1.90735714
703 0.04230663 0.39245054 -2.79969837
1602 -1.96874097 -0.09389412 1.42728248
718 1.31446467 -0.31952509 2.43215923
569 -2.89387316 0.41021264 -0.81121066
411 2.20873687 0.85969617 0.37650170
515 -2.47776623 1.26299458 -0.75894189
507 -0.12490062 -1.22176669 -2.00201036
631 -1.13442641 0.96939220 1.89071030
1669 1.08230648 -0.90351854 1.96605116
535 1.99117871 0.67841047 -2.58041036
235 -1.78961724 0.73828617 -2.47279132
99 2.79151097 -0.17093935 2.05213845
1393 -1.09017545 -0.04385692 2.15733838
1453 1.91765735 1.29941506 1.72645310
298 -2.15350889 -0.37443076 -1.05605964
1644 0.74544443 1.31754062 -1.85797816
1990 -1.69738063 0.16810827 2.80925304
1377 2.54572240 -0.69670616 -2.23335208
1035 0.07635837 -0.24646006 2.97757372
1351 -2.40272093 0.41276867 0.14160327
1251 -2.35765692 -0.23976780 1.37827143
381 2.18695729 0.93563965 0.12756187
1063 1.96870098 -1.13575955 1.85594638
1788 -2.45664323 0.67201300 -2.20003909
1336 -1.97223023 1.30942624 0.50903181
11 2.65321053 0.25315286 -0.68750096
1564 -1.97042178 -1.33016102 -0.22443875
1833 1.28675811 -0.22148937 -2.83751317
1398 1.68208718 0.69480694 1.60499300
1893 -1.69362658 0.48490614 -2.71152621
771 -2.73087862 -0.19761192 2.57656020
1043 2.30978584 -0.46686304 -0.03899408
1989 -0.95118357 -1.13756096 1.88226160
1861 0.55617642 1.30014128 2.14998258
1155 -2.74594632 0.31890462 -0.28253359
1369 1.83587339 0.36806736 -2.00459385
121 1.92383683 0.50375868 1.92256102
1199 2.59393654 0.96641047 -1.32350466
14 -1.95981212 -0.43575756 -1.90658348
488 0.62972358 -0.72755379 2.19863199
644 -2.68317623 -0.05360935 0.59621380
1253 1.93496792 -1.30662779 -0.08509541
1730 -1.70906629 0.50987158 2.54198899
1364 0.56485117 -0.35450171 -2.24168147
1418 -2.63337202 -0.00278822 -2.36197623
9 2.89938532 -0.13294841 2.15964242
1708 0.28394810 -1.34160290 -2.61672138
1460 -2.84514364 0.21316255 0.12269642
1008 -1.76759153 -0.47423586 2.89229719
476 2.83858649 0.32044891 -1.47465251
1582 -1.35295993 0.49865590 -2.51301466
312 1.93550322 0.11864674 1.89032656
1305 -1.59661842 -1.15645508 2.14314996
558 -1.72810506 1.27494003 -1.06483213
198 2.24590565 0.06094422 2.83866213
792 2.17045494 0.36114219 -1.64232537
1384 -1.06364058 0.21742674 -2.11069521
1657 2.77261264 0.14253798 0.70974480
883 -2.33413484 0.53769660 1.62468370
959 -1.77323469 -0.97876369 -1.22583195
934 1.18986692 -0.41917630 2.71738075
1497 1.46842037 -0.35038776 -1.82546637
670 -2.72099647 0.47879775 0.37195709
767 -1.68894097 -0.41281261 -2.73367338
36 2.65712144 0.39546186 1.16870962
1968 2.57961357 -0.16517953 -1.91021149
428 -2.56550239 0.13696882 2.29520091
1862 -0.21826757 1.13708517 2.68128119
1632 -1.75765749 0.17589244 -1.61040586
1944 2.15359411 -0.62092095 -0.65822670
55 -2.09569474 0.03279513 1.17487686
896 1.41720254 -0.67902889 2.43639530
557 0.19488713 0.88568826 -2.15233174
877 1.05508651 -1.44353660 -1.47461170
1129 0.78023931 1.43248157 1.70263434
1077 -1.13398503 -1.33227571 -1.53762310
1863 -1.34897931 -0.40815863 2.58887398
6 -2.86162543 0.09909865 -0.60083413
1086 1.58880583 0.71559090 1.63792034
1275 2.00754570 -0.56666137 2.47735465
34 0.37965345 0.78206432 -2.16401128
274 -2.31439621 -0.34198166 2.18110884
42 -0.88458688 -0.78087496 -2.01206490
174 1.97498532 0.27632587 -2.61892904
1767 -2.32839255 0.43802356 0.41059175
1972 2.13099208 -0.56497694 0.78670218
1502 -2.45214718 -0.72524159 -2.37194422
1451 2.19775463 -1.34148630 -0.50925033
892 1.00119998 1.29323773 1.69209202
166 -1.44030086 -0.18703661 -2.80610427
204 1.12670833 0.04662805 -2.05813393
915 -1.10911775 -0.89505069 2.88991992
361 2.30519387 0.40319379 2.42234382
981 -2.22035176 0.24036679 1.68439112
741 -2.72325860 0.26868311 -1.29702930
1535 1.59116297 -1.42735456 0.94629687
1683 1.36807354 1.25259062 -1.45512613
NUM_OBSERVATIONS 21159
0 0 581.65344411 43.53580146 0
0 1 48.91399147 214.17419550 1
0 6 282.07642174 245.40182691 2
0 8 274.76823965 272.00833412 1
0 11 172.93761052 294.70663827 0
0 14 183.05990330 208.56638358 1
0 17 562.14734968 201.06280975 1
0 21 14.94621772 337.07934859 0
0 34 86.03685672 324.32204059 1
0 36 570.08199844 323.38165449 0
0 37 93.99066869 332.20160602 0
0 40 487.10485832 199.86745567 1
0 41 82.87133483 286.37100851 1
0 42 148.70611463 173.83268330 1
0 44 162.27094708 159.74069249 1
0 47 45.11040035 350.91760189 1
0 55 403.00847994 241.31464510 1
0 56 24.62160266 119.01626436 0
0 61 66.18040616 97.69645147 1
0 68 614.13601768 184.35771399 1
0 69 49.70854885 39.51865759 0
0 70 611.03543891 218.73157746 1
0 72 425.08921345 201.78420476 1
0 76 144.19597971 189.03441077 0
0 77 584.49225226 321.44321189 1
0 80 542.12908124 156.68105209 1
0 82 626.64831581 271.49702019 1
0 83 197.06674006 190.61460385 2
0 97 334.30165922 189.31247121 2
0 106 92.42462603 143.32478959 1
0 114 59.68564159 297.47070416 1
0 123 112.75275293 203.12215771 1
0 145 496.15973633 208.45904333 1
0 146 206.52497759 244.77899704 1
0 153 534.76616763 431.19346493 0
0 157 25.37306220 165.34323120 1
0 166 103.61051535 225.00137419 1
0 169 424.47227173 169.77316456 0
0 176 331.71511358 288.83703177 2
0 179 208.39043248 150.68386920 1
0 180 499.42999855 147.17451967 1
0 182 310.98939431 241.83968887 2
0 186 599.59934666 325.63286879 0
0 189 339.69912862 300.85498800 1
0 200 84.52835067 188.83452717 1
0 204 54.25325447 245.66602212 1
0 206 514.07243440 265.35706403 1
0 220 578.68247150 173.13312392 1
0 235 137.63100247 292.89297161 1
0 242 616.73962413 405.13962388 0
0 243 59.62915780 33.76164157 0
0 249 335.82832815 168.42233264 2
0 256 271.11060181 249.60605712 1
0 264 411.97183730 174.46360337 1
0 274 469.15417314 217.07917035 1
0 275 296.89510282 210.04583416 0
0 277 411.14280589 41.21837928 0
0 279 66.67120102 103.90139491 0
0 280 531.14308535 243.63784021 1
0 288 83.08247582 344.69415596 1
0 295 566.64024528 283.41116406 0
0 298 245.44680728 212.54291871 1
0 301 617.02715490 340.84765531 1
0 310 52.23398406 202.66732293 1
0 311 531.84269077 386.51548560 0
0 312 628.58684745 258.94004189 0
0 314 83.10255986 329.63440670 1
0 315 221.52946236 173.01412612 1
0 331 444.78190810 190.70438867 1
0 336 545.27121831 356.25952697 0
0 339 100.67051304 166.99493979 1
0 342 328.61292822 228.96588110 2
0 354 330.87320344 195.92589617 1
0 357 594.16362363 139.32582229 1
0 366 447.52346567 437.36678486 0
0 381 342.72148196 405.28887819 0
0 383 207.39631316 193.15230150 1
0 390 128.33511840 258.81101673 1
0 394 444.09556763 313.54855697 1
0 396 407.82454669 318.08051473 1
0 405 47.00957169 422.13354386 0
0 410 73.27318097 374.59075767 0
0 411 388.17324690 394.05714646 0
0 414 44.87900207 251.55257143 1
0 417 359.94477553 265.64839405 2
0 424 614.36974027 416.36113782 0
0 426 210.81230579 235.05248009 2
0 428 472.75278892 248.75624438 2
0 433 451.95991358 313.68947547 0
0 434 622.50968635 146.58863457 1
0 446 508.17410254 131.77790133 1
0 448 562.09100300 328.77569159 0
0 450 32.99981704 275.58721305 1
0 458 357.79865387 214.98373544 1
0 459 52.94523541 311.25447828 1
0 466 137.25256640 27.76033563 0
0 472 89.69092781 106.88497618 1
0 480 170.01919000 304.85287292 1
0 488 572.52422650 157.16083140 1
0 493 99.79630546 149.51396305 0
0 498 432.30918287 280.43166917 1
0 499 590.47173383 258.07397266 1
0 507 126.12415142 119.80181841 1
0 509 419.08567937 267.43706893 0
0 510 281.30866545 299.11999226 1
0 513 446.83760689 181.69292081 1
0 515 268.52590012 324.28139356 1
0 518 17.92312441 332.68352117 0
0 525 202.68405971 186.69779706 1
0 530 442.94401197 198.85046036 2
0 531 595.72644793 165.07416698 1
0 540 115.96441913 266.71669404 1
0 544 152.07550122 215.05596187 0
0 550 254.21116597 166.26451243 1
0 557 96.56900711 331.47066705 1
0 558 240.97932510 335.60253536 1
0 569 267.40491455 266.70685762 2
0 576 172.17562755 154.90587631 1
0 580 519.94558213 209.51014415 1
0 584 17.97881091 326.10004889 0
0 588 481.52460543 58.08735138 0
0 591 500.74406950 282.05783558 1
0 595 540.35648504 135.07629961 1
0 613 339.35790424 207.12637697 1
0 615 317.88350093 383.28211812 0
0 631 474.16211393 319.55402154 1
0 642 562.38696509 247.60372183 0
0 643 403.35693620 165.15164841 1
0 644 359.35432440 235.13463576 2
0 649 211.10297513 303.94712424 1
0 657 608.17278566 327.39392621 1
0 660 577.38982359 213.37919429 1
0 670 342.77134196 270.28093819 2
0 676 191.37237653 302.26647109 1
0 677 546.00798505 177.97471493 1
0 684 201.41884577 282.60320278 1
0 686 563.58087666 120.42861622 0
0 693 58.55386694 261.67730570 1
0 700 260.03627012 256.64587839 0
0 703 36.99284321 280.08907850 1
0 708 246.64290829 301.45393386 1
0 710 151.26959058 292.83245536 1
0 724 531.26003929 285.18015432 1
0 726 170.97092653 35.60785824 0
0 727 284.86418168 309.36303017 2
0 732 152.78546668 204.34541097 1
0 734 140.97654017 219.01362999 2
0 741 233.91728906 257.24214952 2
0 758 548.17253415 231.93992286 1
0 759 505.42978520 210.36103862 1
0 761 283.49284888 35.86907173 0
0 767 115.73608737 208.85806807 1
0 771 486.11483069 227.99532655 2
0 772 417.94313842 208.82998376 1
0 773 52.07906992 366.82178796 0
0 779 341.39243267 265.04182910 1
0 780 114.59231341 167.30225880 0
0 785 596.41242979 256.26472384 0
0 787 59.62005947 219.79012473 1
0 789 462.29876036 229.78414383 1
0 790 459.19794671 210.57942939 2
0 792 30.21090340 305.07210718 0
0 797 124.44738674 281.87615780 1
0 799 16.91915007 191.82573418 1
0 806 192.46512277 171.09609202 0
0 819 592.27518577 49.98168049 0
0 825 339.78766429 303.28900362 2
0 826 305.12580685 287.43666659 2
0 838 439.82039468 310.67651163 1
0 841 546.89934449 131.64412430 0
0 854 391.90320273 298.30922701 1
0 857 450.66836686 262.19678180 2
0 860 479.33913354 304.35066144 1
0 865 41.50988615 186.84344045 0
0 867 132.63756232 209.41056635 1
0 868 414.10618683 321.65625826 1
0 870 574.71030393 179.02010228 1
0 874 560.23915261 194.29248490 1
0 877 133.82504865 56.93319141 1
0 883 430.76278224 277.83992584 1
0 888 485.43435489 212.14809365 2
0 890 306.35434246 288.54677768 2
0 892 531.11334095 402.31289451 1
0 897 498.15387171 308.47447754 1
0 898 423.03545923 214.80148269 2
0 901 267.84440383 210.60083678 2
0 905 602.92121678 263.52189726 1
0 909 286.80310029 326.15560793 0
0 910 351.81789345 285.49745353 2
0 913 522.80027622 64.51550479 0
0 915 558.25313935 165.75874238 1
0 919 393.53125013 289.30773135 2
0 924 41.57188350 265.68382716 0
0 928 110.92963738 294.53095146 1
0 936 83.53729536 126.26844737 0
0 939 197.43340556 430.36274197 0
0 942 79.02543990 83.03619554 0
0 945 336.71623639 235.10034491 0
0 946 80.64837297 292.40564383 1
0 948 554.60074900 277.76722484 1
0 953 202.60977540 287.90351035 1
0 957 590.89492319 170.82932752 0
0 959 229.77740884 166.92493969 1
0 961 514.83962506 169.42270489 1
0 966 378.83537135 149.59936741 0
0 967 44.73271718 278.17848554 1
0 976 14.48191390 265.43293183 0
0 978 324.67818331 181.14887998 2
0 981 437.21074911 256.90228355 1
0 983 140.36164428 113.57105421 1
0 987 165.98284259 287.84506546 1
0 988 389.77574492 312.51625595 1
0 992 368.47518398 319.58859067 1
0 998 514.31997693 465.52100611 0
0 1002 79.41879525 122.09588546 1
0 1007 106.71231962 299.12131102 1
0 1008 534.46123680 205.58056728 1
0 1016 327.00648317 267.28162626 2
0 1021 376.87354754 253.31891603 1
0 1035 621.07524015 214.35765312 1
0 1043 311.41198325 152.90995138 0
0 1053 48.10870887 299.59996000 0
0 1063 627.66625572 53.59197194 0
0 1068 276.86765147 125.10125559 0
0 1077 194.54082265 131.49790268 1
0 1086 559.77099202 344.45254318 0
0 1089 561.43378511 33.70061956 0
0 1090 540.15707824 411.33893714 0
0 1094 57.97379880 235.04213922 1
0 1095 57.92093373 293.58269750 1
0 1099 597.37513299 245.21082823 1
0 1117 580.95822525 400.59209602 0
0 1119 577.27219166 223.99558501 1
0 1123 474.30457994 289.49195673 1
0 1129 521.79180701 408.83011493 1
0 1140 90.60209016 405.55404949 0
0 1141 113.48169798 242.17698423 1
0 1142 198.14236037 168.46841585 0
0 1144 19.37208205 339.57193342 0
0 1154 38.81976626 185.02304741 0
0 1155 301.29990160 261.60001577 2
0 1158 553.07419735 311.48199168 1
0 1162 27.62734945 333.66247758 1
0 1166 521.60223950 342.68878546 1
0 1177 195.13135414 279.64557009 1
0 1179 561.92396801 172.66765963 1
0 1199 45.34098176 441.03577773 0
0 1202 409.71102707 319.67976776 0
0 1211 204.14808602 179.49043915 1
0 1225 454.49838437 397.56597390 0
0 1235 571.17005041 177.86898611 1
0 1242 410.19749643 166.87786404 1
0 1251 414.69304261 224.35504000 1
0 1253 305.66507004 26.62599886 0
0 1255 374.00209042 304.95282360 1
0 1262 155.95414598 203.68314078 2
0 1263 584.85578302 117.39842748 1
0 1276 86.13690901 102.36408242 1
0 1292 70.75876928 324.09292565 1
0 1300 320.17424090 313.54128696 1
0 1305 482.44192193 151.05392058 1
0 1311 547.44307484 240.59419495 1
0 1317 14.62109422 71.09266754 0
0 1331 565.71133269 424.83960645 0
0 1333 227.17784788 152.45668169 1
0 1335 131.04593158 207.94613444 1
0 1336 356.59264033 333.54980502 1
0 1338 92.51559412 95.60008410 0
0 1342 335.07926234 279.78357066 2
0 1344 321.92024934 225.62545129 2
0 1349 33.84201871 299.20434339 1
0 1350 114.87299623 157.91851218 1
0 1351 328.56653044 269.14997104 1
0 1353 442.72657008 285.75131041 1
0 1360 526.12498372 88.73815632 0
0 1364 67.74835860 199.43161708 1
0 1365 435.36173840 271.24076562 2
0 1366 602.52822095 227.12327493 0
0 1370 338.29125428 204.11068610 2
0 1374 35.80332090 343.94077490 0
0 1382 78.62383452 348.95122322 0
0 1384 146.23567281 259.08001862 1
0 1393 496.92057258 236.16681522 1
0 1398 561.99059679 344.69072576 0
0 1411 584.28292635 335.96620124 1
0 1418 164.82094132 240.62147141 2
0 1426 122.48653314 290.23151513 1
0 1428 164.05485225 205.12121296 2
0 1429 236.07887948 172.81298597 1
0 1441 368.94033934 319.78310076 1
0 1445 301.71072738 154.44672766 1
0 1447 188.89112046 222.10189425 1
0 1452 137.07790114 234.66157753 2
0 1453 601.50826382 448.59837129 0
0 1455 64.40065267 282.86818014 1
0 1456 213.05625670 306.96197780 1
0 1459 102.37617573 231.77632106 1
0 1460 328.58973326 254.31629643 2
0 1465 569.02168638 222.52625096 1
0 1479 512.63367549 123.28594551 0
0 1480 305.23734259 446.13967392 0
0 1490 258.67314377 214.94566509 1
0 1493 180.82452118 286.87952108 1
0 1496 256.03623224 292.15945553 2
0 1497 61.34034166 189.30761356 0
0 1502 159.91728157 189.97265322 1
0 1504 267.55384251 293.19131774 2
0 1505 379.68665792 172.90179499 1
0 1506 141.60720823 237.85253232 1
0 1509 164.49243660 184.87739796 1
0 1518 607.54969148 392.47497069 1
0 1531 242.30301856 159.56156648 1
0 1534 144.93765382 433.88800305 0
0 1535 457.44642595 28.71260372 0
0 1538 315.97414213 267.40676329 2
0 1542 216.32952288 284.50959587 2
0 1543 121.26227471 180.55101472 1
0 1555 282.00719666 157.10932359 0
0 1558 109.98215798 182.89647867 1
0 1560 602.69093804 308.19627202 1
0 1563 330.33014876 176.16302141 2
0 1564 304.49349982 145.90242505 1
0 1566 310.44318253 213.04624580 2
